 Wavelength    Flux  
0.2 3.760358898185251e-09
0.2002583221197802 1.3667100440978173e-09
0.2005169778911482 2.2706981733786957e-09
0.20077596774505196 3.120769325171373e-09
0.20103529211299606 3.739847009814215e-09
0.20129495142704232 3.1151048190264226e-09
0.20155494611981073 3.3109079591944093e-09
0.20181527662447996 3.5792127078505637e-09
0.20207594337478824 1.8317457998231065e-09
0.202336946805034 2.997391144671099e-09
0.20259828735007662 3.751949239437145e-09
0.20285996544533713 2.1964325867239464e-09
0.203121981526799 4.056798340229454e-09
0.20338433603100875 4.326935042902668e-09
0.2036470293950768 3.058732847356751e-09
0.20391006205667817 3.444929371956654e-09
0.2041734344540531 5.1771871947142265e-09
0.20443714702600793 4.11040851451137e-09
0.20470120021191576 5.163180611021687e-09
0.2049655944517172 5.3902895636402855e-09
0.20523033018592104 5.535607673037099e-09
0.2054954078556051 5.657391897192861e-09
0.20576082790241687 6.928041078382714e-09
0.20602659076857424 6.616821721740707e-09
0.20629269689686633 3.548954112737052e-09
0.20655914673065415 2.761477971960245e-09
0.2068259407138714 5.687461267294263e-09
0.20709307929102505 6.209429996802928e-09
0.20736056290719634 7.3819040297576235e-09
0.20762839200804134 1.077972037196702e-08
0.20789656703979165 4.1949041097267065e-09
0.20816508844925535 5.3973234777461706e-09
0.20843395668381753 5.0706382001519605e-09
0.2087031721914412 1.8439703681388368e-08
0.20897273542066788 1.3925523820192938e-08
0.20924264682061852 2.0530926658258982e-08
0.2095129068409941 3.960261316862497e-09
0.20978351593207645 1.1660594358450196e-08
0.210054474544729 4.7153872453868705e-09
0.21032578313039751 2.348053665409582e-08
0.21059744214111087 4.890064014062309e-09
0.21086945202948174 1.9630418825794783e-08
0.21114181324870743 2.795830320738064e-08
0.2114145262525706 1.7453118704901645e-08
0.21168759149544 1.47002043171258e-08
0.2119610094322713 3.298419895197752e-08
0.21223478051860775 8.95490166956147e-09
0.212508905210581 4.943055957826058e-09
0.21278338396491178 8.2116502405149e-09
0.21305821723891086 2.240272963393195e-08
0.21333340549047955 1.4270268353012135e-08
0.21360894917811066 8.409123361794446e-09
0.21388484876088917 1.0953128347753286e-08
0.21416110469849303 7.610130659893354e-09
0.21443771745119392 3.839401294239874e-08
0.214714687479858 2.3717855676091317e-08
0.21499201524594666 1.4116560837622177e-08
0.21526970121151737 3.2262328556099307e-09
0.2155477458392244 1.893092715747517e-08
0.21582614959231952 4.213687247505994e-08
0.21610491293465292 3.297140408883323e-08
0.21638403633067385 1.2657329807877935e-08
0.21666352024543148 4.662694857333713e-08
0.21694336514457566 1.3034798083217747e-08
0.21722357149435761 9.496509363145697e-09
0.2175041397616308 1.4927892988950454e-08
0.21778507041385176 5.780819132510445e-09
0.21806636391908063 2.195696789835022e-08
0.21834802074598228 8.835363508364172e-09
0.21863004136382683 5.33358257691125e-09
0.21891242624249047 1.0109094913655351e-08
0.21919517585245638 4.902186402798159e-08
0.21947829066481533 1.6828930830056874e-08
0.21976177115126666 2.67175219422397e-08
0.22004561778411885 4.488500540743364e-08
0.2203298310362905 7.822806697294443e-08
0.220614411381311 5.0035506187378945e-09
0.22089935929332136 5.168446056950234e-09
0.22118467524707502 5.731206163109629e-08
0.2214703597179386 2.9584214227231925e-08
0.22175641318189265 6.128037616122796e-09
0.22204283611553263 3.412220995733874e-08
0.22232962899606945 3.5944389075898436e-08
0.22261679230133047 1.0624228493111868e-08
0.22290432650976016 3.501400735635705e-08
0.22319223210042102 8.804032531099881e-09
0.22348050955299428 3.417461867164156e-08
0.2237691593477807 2.3963674348388725e-08
0.2240581819657014 5.0491252057413064e-08
0.22434757788829876 2.665829807017944e-08
0.224637347597737 6.449074614350282e-08
0.22492749157680322 9.524639170998586e-08
0.225218010308908 2.609837045066379e-08
0.22550890427808634 1.1335815170460064e-07
0.22580017396899843 1.790510503552388e-09
0.22609181986693044 3.3849638805351546e-09
0.22638384245779536 7.715021628259644e-08
0.22667624222813373 1.1960398615367354e-08
0.2269690196651146 8.159602829585464e-08
0.2272621752565362 1.5748815991736385e-08
0.2275557094908268 1.8875715007999966e-07
0.22784962285704555 2.0280475103083836e-08
0.22814391584488328 8.821683642536384e-08
0.22843858894466326 6.154655148483232e-08
0.22873364264734214 6.437701290617927e-08
0.22902907744451065 1.528104479876337e-07
0.22932489382839447 1.0483984712838222e-08
0.229621092291855 1.838441620892972e-07
0.22991767332839036 1.7657313013593153e-07
0.23021463743213594 2.244216837542463e-08
0.2305119850978654 4.093246135647912e-08
0.23080971682099147 4.856470454324983e-09
0.23110783309756677 2.3946281034691905e-07
0.2314063344242846 2.250409332691289e-08
0.23170522129847979 9.852211396671682e-08
0.23200449421812958 2.9878053719541973e-07
0.23230415368185434 7.776084440380368e-08
0.2326042001889185 4.2842717320764324e-08
0.23290463423923136 1.8708586498813675e-07
0.23320545633334788 3.3207404034736294e-07
0.23350666697246955 2.0105885606181541e-07
0.2338082666584452 1.1464287009048831e-07
0.23411025589377188 3.5491928796636937e-07
0.23441263518159566 2.1971376311844042e-07
0.23471540502571248 1.0329645162769096e-07
0.235018565930569 3.4137520286119216e-08
0.23532211840126338 1.1393873639946546e-08
0.23562606294354627 2.075642641718872e-07
0.23593040006382143 2.2740068874838703e-07
0.23623513026914678 1.909590705452883e-07
0.2365402540672351 3.201485811391857e-07
0.23684577196645507 6.613428788018168e-08
0.2371516844758318 1.9020496074148813e-07
0.23745799210504795 2.1100723669743935e-07
0.23776469536444456 6.609453541816459e-08
0.2380717947650217 1.9333277029605688e-07
0.23837929081843953 3.1989342195591354e-07
0.2386871840370191 7.271654905925958e-08
0.2389954749337431 1.4536974307643552e-07
0.23930416402225688 5.0205118905781237e-08
0.23961325181686913 1.0109282168169332e-07
0.23992273883255288 2.67146837217105e-07
0.24023262558494632 5.317770204403114e-07
0.24054291259035362 1.194622733431584e-07
0.2408536003657458 2.470666311912625e-07
0.24116468942876162 1.6006026185597347e-07
0.24147618029770843 4.08951737722005e-08
0.24178807349156306 1.2621625930579704e-07
0.24210036952997258 2.4539871265732674e-07
0.2424130689332553 4.798740843182748e-07
0.24272617222240156 7.514748500415125e-07
0.24303967991907466 4.2045179955835305e-07
0.2433535925456116 1.697238864086039e-07
0.2436679106250241 5.438979735668379e-07
0.2439826346809994 3.469609194358261e-07
0.24429776523790114 5.300157849415198e-07
0.24461330282077018 4.2040097238161535e-07
0.24492924795532564 5.134119884550618e-07
0.24524560116796554 8.941249015121889e-07
0.2455623629857679 8.370765591010518e-07
0.24587953393649145 3.517961257076833e-07
0.24619711454857662 5.961457426057135e-07
0.24651510535114637 2.806470501785257e-07
0.24683350687400707 3.023239617230875e-07
0.2471523196476494 1.973445442157424e-06
0.24747154420324924 5.231299647359313e-07
0.2477911810726685 5.960965821180748e-07
0.24811123078845612 9.764661797167723e-07
0.2484316938838488 8.67234034747516e-08
0.24875257089277208 4.239737563665742e-07
0.24907386234984102 9.11145138946095e-08
0.24939556879036126 2.8301389628686956e-07
0.2497176907503298 4.962548662870792e-07
0.25004022876643595 9.303557908554565e-07
0.2503631833760623 6.508139121957985e-07
0.2506865551172853 7.777798260517953e-07
0.25101034452887677 2.763708130103214e-07
0.25133455215030404 1.1218305720717921e-06
0.25165917852173136 4.355238149895622e-07
0.25198422418402067 1.6251286485411208e-07
0.2523096896787326 2.0757195032443874e-07
0.252635575548127 8.99926629192027e-07
0.25296188233516437 9.84138226377253e-07
0.2532886105835064 8.271362196310424e-07
0.2536157608375169 1.2897465842492406e-06
0.25394333364226296 7.151276603069499e-07
0.2542713295435155 8.432342997084639e-07
0.2545997490877505 5.651752976716992e-07
0.25492859282214975 7.177592042482012e-07
0.2552578612946017 3.618953551416645e-06
0.25558755505370256 9.119644164257429e-07
0.2559176746487571 1.2237593037380555e-06
0.2562482206297795 1.6148926330851732e-06
0.25657919354749437 3.843398364062854e-07
0.25691059395333776 9.972592588417703e-07
0.2572424223994578 8.490768691568928e-07
0.25757467943871587 1.5288264877137652e-06
0.2579073656246874 1.0707116003525028e-06
0.25824048151166284 1.3642594912956881e-06
0.25857402765464854 1.786128212839094e-06
0.2589080046093678 8.797257504646484e-07
0.2592424129322615 8.335411382714596e-07
0.25957725318048946 7.587340817047705e-06
0.2599125259119309 5.120699766924658e-07
0.26024823168518585 6.576961113621432e-07
0.26058437105957566 1.9034697613377154e-06
0.26092094459514414 3.0976833802026843e-06
0.2612579528526584 9.196993622701992e-07
0.26159539639361007 1.8640602248952738e-06
0.2619332757802157 5.22113849406743e-06
0.26227159157541824 2.247998007871884e-06
0.26261034434288766 2.875971696776423e-06
0.2629495346470219 1.0640662531826298e-05
0.2632891630529481 6.458982419896943e-06
0.26362923012652295 2.4757201088173817e-06
0.26396973643433447 9.604530099479134e-06
0.2643106825437021 8.404096795251418e-06
0.2646520690226783 2.3078634153858658e-06
0.264993896440049 1.5277554405822137e-05
0.265336165365335 3.7959179033989684e-06
0.26567887636879256 3.7422286970749854e-06
0.26602203002141456 2.842344339587291e-06
0.2663656268949313 2.8242301326895624e-06
0.2667096675618117 2.3719073925154456e-06
0.2670541525952639 8.321828017268922e-07
0.2673990825692364 9.783869914608502e-07
0.2677444580584192 4.992344644610439e-06
0.2680902796382444 8.337722769984711e-07
0.2684365478848874 3.822274260400861e-06
0.2687832633752679 1.7161166565439909e-06
0.26913042668705056 1.2180843529329657e-06
0.26947803839864626 2.845633258200986e-06
0.26982609908921296 2.228331030137248e-06
0.27017460933865667 3.8049172758068305e-06
0.27052356972763236 5.972503782453862e-06
0.2708729808375451 6.812955202510439e-06
0.2712228432505507 1.097019355521896e-05
0.27157315754955713 8.17968888287708e-06
0.2719239243182251 8.787211116215463e-07
0.2722751441409692 5.252711752863634e-06
0.2726268176029589 1.3868601646421714e-05
0.2729789452901195 2.355548666671551e-06
0.27333152778913306 2.2489115441474067e-06
0.2736845656874392 6.577984265216998e-06
0.2740380595732367 9.68973827932307e-06
0.2743920100354837 1.2318649733126513e-05
0.27474641766389923 9.002339808655035e-06
0.275101283048964 1.6424559381179608e-06
0.27545660678192124 3.4018324528040123e-06
0.27581238945477804 4.942991948502366e-06
0.276168631660306 3.3403633296145314e-05
0.2765253339920424 1.891261176295161e-05
0.2768824970442911 9.876134162897119e-06
0.2772401214121236 1.3673711354787813e-05
0.2775982076913801 9.466660083798066e-06
0.27795675647867013 9.167542438700711e-06
0.2783157683713741 4.202549688961636e-06
0.2786752439676438 7.3220071967275765e-06
0.2790351838664037 3.692929393684044e-05
0.27939558866735176 3.834877756506288e-06
0.2797564589709607 2.566697900271245e-05
0.28011779537847853 2.6967974410337754e-05
0.2804795984919301 1.058507086284415e-05
0.2808418689141177 5.294777831041387e-06
0.28120460724862234 3.646039605789387e-05
0.2815678140998044 1.1297523563032915e-05
0.28193149007280505 9.054937020756607e-06
0.282295635773547 7.224238371629141e-06
0.28266025180873555 9.786221855801414e-06
0.28302533878585967 2.2812373555521725e-05
0.283390897313193 5.306680579019925e-06
0.28375692799979474 1.8968604464170946e-05
0.28412343145551083 4.611529692297754e-06
0.2844904082909748 1.1557707351650545e-05
0.2848578591176091 6.546710397452198e-06
0.2852257845476256 1.9216787735206056e-06
0.28559418519402713 6.3862856881266745e-06
0.28596306167060814 1.2816100896608265e-05
0.2863324145919561 9.096477872830407e-06
0.2867022445734519 2.015819778079394e-05
0.28707255223127165 2.556068284998715e-05
0.28744333818238704 2.063942624521876e-05
0.28781460304456685 4.201983255208253e-06
0.28818634743637767 1.832032183284043e-05
0.288558571977185 9.743451152839413e-06
0.2889312772871544 3.290318130008263e-05
0.28930446398725246 6.837467485217335e-05
0.28967813269924775 1.850272227189621e-05
0.2900522840457119 3.8758968759565796e-05
0.29042691865002074 4.7580811047488875e-05
0.2908020371363552 6.966173143335125e-05
0.2911776401297025 1.3476059592910228e-05
0.2915537282558569 0.00011998823559141471
0.29193030214142124 6.99711367882708e-05
0.29230736241380745 3.5501253593875084e-05
0.29268490970123784 0.0001270980381242799
0.2930629446327463 1.8123118962113742e-05
0.29344146783817904 1.807282512461633e-05
0.2938204799481959 1.4847344371247112e-05
0.2941999815942711 4.772975035936947e-05
0.2945799734086947 1.4553951048527543e-05
0.29496045602457327 1.7466375180803676e-05
0.29534143007583125 9.694687957480857e-05
0.2957228961972117 4.4264015489916216e-05
0.2961048550242777 4.19791684370429e-05
0.29648730719341304 7.551821829695987e-05
0.2968702533418236 3.80240559919434e-05
0.29725369410753827 5.1503097326675085e-05
0.29763763012941 1.5049796419442918e-05
0.2980220620471169 0.0001238886085481222
0.2984069905011632 2.0096876519936407e-05
0.29879241613288066 4.166821762322718e-05
0.2991783395844291 8.161385717975451e-05
0.29956476149879785 1.818259023326912e-05
0.2999516825198069 5.389908119878844e-05
0.3003391032921076 5.300870514218977e-06
0.3007270244611841 9.687367637489959e-05
0.30111544667335405 9.19867191748326e-05
0.3015043705757701 2.596935082243767e-05
0.3018937968164207 2.3722651110864675e-05
0.30228372604413123 2.1902448704326974e-05
0.3026741589085651 3.7504560895524063e-07
0.30306509606022475 0.00015544935618192068
0.30345653815045304 7.422089257337481e-05
0.3038484858314339 1.704056791324377e-05
0.30424093975619376 9.926268323873176e-05
0.3046339005786024 0.00017431756186252022
0.30502736895337423 4.4217184523263524e-05
0.30542134553606926 4.034617283700995e-05
0.30581583098309423 4.0648129404122706e-05
0.3062108259517036 0.00017483660775491174
0.306606331100001 0.00012923547321572575
0.3070023470869399 0.0004558514351163332
0.30739887457232484 5.2181075640332865e-05
0.3077959142168126 0.00026196480238142725
0.30819346668191344 6.043541858041309e-05
0.3085915326299918 0.0001759366612353394
0.30899011272426774 0.00024289828803052553
0.309389207628818 1.0637879383353074e-05
0.3097888180085769 7.708378375549392e-05
0.3101889445293377 5.481016416770547e-05
0.3105895878577537 0.00044082395965219285
0.310990748661339 0.00044238523444337807
0.3113924276084701 0.00026645940944654387
0.31179462536838665 0.0007041002335281392
0.3121973426111928 0.0001171598953468375
0.31260058000785806 0.0007607010994095888
0.3130043382302188 0.00010666351474658644
0.31340861795097885 0.00023776233366405088
0.3138134198437112 0.000517697046109419
0.31421874458285864 0.0008408217734946599
0.31462459284373523 0.00032567115700510405
0.31503096530252706 0.0007691929608459102
0.31543786263629375 9.88779915768475e-05
0.3158452855229694 0.0004615640190407627
0.31625323464136373 0.0003967119863294194
0.31666171067116317 0.00017093976559801632
0.31707071429293215 0.0001966420890069785
0.31748024618811393 0.0007683112776627601
0.31789030703903215 9.043097741541152e-05
0.3183008975288916 0.00010832436827728459
0.3187120183417796 0.0002610418282802471
0.3191236701626669 0.00023634475937025414
0.31953585367740917 4.838588693058041e-05
0.3199485695727477 0.0005227016141581776
0.320361818536311 0.000627051542363881
0.3207756012566157 0.00017551299391643135
0.3211899184230675 0.0003710820420660791
0.32160477072596283 0.0002920128027132428
0.32202015885648955 0.0001427320045043002
0.32243608350672837 0.00034548381715741725
0.3228525453696537 0.0005515310248094043
0.32326954513913525 0.0007725859242324752
0.32368708350993886 0.00047396581357045647
0.3241051611777276 6.893322634471631e-05
0.3245237788390632 0.0005512931082146526
0.32494293719140704 2.102113770264196e-05
0.32536263693312145 0.0004859440793042161
0.3257828787634706 0.0006155968704408244
0.3262036633826219 0.0006613937775132608
0.3266249914916472 0.0002530367194360858
0.32704686379252373 0.00013690017650654456
0.32746928098813544 0.00015480650764276084
0.3278922437822741 0.00012216383680767424
0.3283157528796407 0.00032315134874280155
0.32873980898584615 0.00027762018451531325
0.3291644128074129 0.0001317649026435092
0.32958956505177595 0.0011884694653241665
0.3300152664272839 0.0023287737629762756
0.33044151764320046 0.0002585872843523573
0.3308683194097053 0.0002717044090230165
0.33129567243789537 0.0011739120986783758
0.33172357743978614 0.0006843531267785169
0.3321520351283127 0.0004911843347125396
0.3325810462173309 0.0002894081429082401
0.33301061142161875 0.00038177912700622683
0.33344073145687736 0.000343969190631538
0.3338714070397323 0.0009422030764955504
0.33430263888773476 0.00022401225116305953
0.3347344277193627 0.0010479295025576578
0.335166774254022 0.0010818548705774757
0.3355996792120479 0.0004369933595763819
0.3360331433147059 0.0002873642845772327
0.3364671672841931 0.0014293777549374503
0.3369017518436396 0.0004641774996389104
0.33733689771710906 0.0005151099992414805
0.3377726056296008 0.0007556924739071138
0.3382088763070504 0.0002543581926565952
0.33864571047633085 0.0005651174904500667
0.3390831088652544 0.0009272747819313934
0.33952107220257305 0.0008694115637373019
0.33995960121798 0.00012197177917663962
0.3403986966421113 0.0013516258901662894
0.34083835920654626 0.0003318790469688258
0.3412785896438094 0.0009438272765940909
0.3417193886873713 0.0007042537250413469
0.34216075707164983 0.0011472280087850993
0.3426026955320115 0.0003871094567617783
0.34304520480477263 0.0007684189316858948
0.3434882856272006 0.00026811761118979084
0.34393193873751493 0.000294863903276302
0.34437616487488887 0.000406446324308257
0.34482096477945007 0.000495669813304044
0.34526633919228245 0.00039355157382679187
0.3457122888554269 0.0012105402415738115
0.3461588145118828 0.0005030138522820097
0.3466059169056093 0.0004962855881334306
0.3470535967815263 0.00032333690092286243
0.347501854885516 3.491384304094416e-05
0.34795069196442385 0.0012117374077744137
0.34840010876606 5.5493020160597976e-05
0.3488501060392004 0.000848116952620328
0.3493006845335883 0.0006022634594951097
0.3497518449999352 0.0009929637130654213
0.35020358818992225 0.0004673619587795067
0.35065591485620146 0.0023972423113539274
0.35110882575239705 0.00035665588699048154
0.35156232163310647 0.00017844523948231072
0.35201640325390193 0.0014712609795223762
0.35247107137133166 0.000277725464952418
0.3529263267429208 0.0007254653843824401
0.3533821701271731 0.0016534740816751962
0.3538386022835719 0.0023875001032043247
0.35429562397258163 0.0013288650349370548
0.3547532359556488 0.0028269047470522385
0.3552114389952035 0.0007503744867529647
0.3556702338546605 0.00202074536057655
0.35612962129842074 0.0014792217025957992
0.3565896020918723 0.0006534077174040479
0.357050177001392 7.734291169556143e-05
0.35751134679434643 0.0010708254190477384
0.35797311223909334 2.9250225399477723e-06
0.35843547410498283 0.0006588599522785059
0.3588984331623589 8.486584398333573e-05
0.3593619901825603 0.00028242457303737464
0.3598261459379222 0.0008019027011440269
0.36029090120177726 0.0009685305940427093
0.360756256748457 0.0002435273649331434
0.36122221335329313 0.0012487704926496305
0.36168877179261866 0.001173820958492134
0.3621559328437694 0.0011380760154552643
0.36262369728508526 0.0017938581445364585
0.36309206589591125 0.0011153160889066452
0.36356103945659923 0.0013358253935809884
0.3640306187485088 0.0028532859854749227
0.3645008045540088 0.001909948706878382
0.36497159765647863 0.0006660733355176121
0.3654429988403095 0.00021898205224574405
0.3659150088909058 2.344092513132183e-05
0.36638762859468615 0.0005978663255279996
0.3668608587390852 0.003977145508149057
0.3673347001125544 0.0027446580687165286
0.3678091535045639 0.0024875851233698934
0.3682842197056031 0.0019974014424240585
0.3687598995071828 0.0016546309784904597
0.3692361937018359 0.004230872689829003
0.369713103083119 0.00336933040453746
0.3701906284456137 0.0024172891779766746
0.37066877058492775 9.436130456013048e-05
0.3711475302976968 0.001840827848265919
0.3716269083815852 0.0016285360265248395
0.3721069056352876 4.755987370053709e-05
0.3725875228585303 0.001166535007672203
0.37306876085207263 0.0006370956991095869
0.373550620417708 0.00030011603982155915
0.3740331023582654 0.00020357805746908802
0.37451620747761116 0.00021841708692152384
0.3749999365806494 0.0002938380608657053
0.3754842904733241 0.0010507811907694113
0.3759692699626202 0.0005188476910720816
0.3764548758565649 0.00046165888923306066
0.37694110896422917 0.0019548962674252922
0.3774279700957288 0.0024039184536493166
0.37791546006222604 0.00013957707843380852
0.3784035796759309 0.00319376471111722
0.3788923297501024 5.26040145407854e-05
0.37938171109904983 0.00385007611893033
0.3798717245381345 0.0020948162281633946
0.3803623708837707 0.004411454770734663
0.3808536509534272 0.0011087829654814107
0.38134556556562876 0.003298005514461468
0.38183811553995717 0.001917157279806146
0.38233130169705287 0.0013251917709151025
0.38282512485861636 0.0011654055427423994
0.38331958584740927 0.0006590969366110386
0.38381468548725606 0.0017767243579657002
0.3843104246030452 0.000759765149589266
0.3848068040207306 0.002226175270362278
0.3853038245673329 0.0026626329989362036
0.3858014870709411 0.000624571524307629
0.38629979236071366 0.0011445773286127118
0.3867987412668799 0.002508760697127859
0.38729833462074176 0.0022186727322198846
0.38779857325467454 0.001833285262459049
0.3882994580021289 0.0001980243390463171
0.3888009896976319 0.0005045732810676809
0.3893031691767885 0.0006566042008793641
0.3898059972762829 0.0021418014937914227
0.39030947483388007 0.0022272777708219724
0.3908136026884269 0.0022234325513206693
0.39131838167985394 0.0030706945800413918
0.3918238126491764 0.000667396064142227
0.39232989643849575 0.0013611223988362394
0.3928366338910014 0.0012063831673895505
0.39334402585097156 0.0007551584485832268
0.39385207316377496 0.0015672292423042195
0.3943607766758724 0.0009976850195230738
0.3948701372348177 0.0016037420404884665
0.3953801556892596 0.0017561525588945675
0.39589083288894295 0.0012954844765722924
0.39640216968471 0.0003073601518070235
0.396914166928502 0.0004953970380236879
0.3974268254733608 0.0012119490135451712
0.3979401461734297 0.004325714903673712
0.39845412988395545 0.004877708639746941
0.39896877746128934 0.005240522360362863
0.39948408976288885 0.005592428717552287
0.4000000676473189 0.000981150972843739
0.4005167119742532 0.0049560944271350845
0.40103402360447604 0.0032529691630542724
0.40155200339988345 0.007234669359191148
0.4020706522234846 0.008586885341766763
0.4025899709394034 0.00132023678390287
0.40310996041287994 0.0016089142671962407
0.40363062151027174 0.0019538949693185892
0.4041519550990553 0.0068030789856880726
0.40467396204782774 0.0006239175046348453
0.40519664322630794 0.007737952628001902
0.40571999950533805 0.00833061186151047
0.4062440317568852 0.006928947987618662
0.4067687408540426 0.0038027500809909593
0.40729412767103124 0.00032392749597666583
0.4078201930832012 0.004389963334634844
0.40834693796703325 0.002689584293028935
0.4088743632001402 0.008835607857358341
0.4094024696612683 0.004236896088155001
0.40993125823029897 0.0009042222957307407
0.41046072978825 0.005002855417991486
0.41099088521727706 0.008580874583265173
0.41152172540067533 0.004814592516705288
0.41205325122288083 0.00894512802916448
0.41258546356947184 0.010322509765323326
0.4131183633271706 0.0017364686296623408
0.41365195138384453 0.008685973086670231
0.4141862286285079 0.007112194385718903
0.4147211959513233 0.002428603483665863
0.4152568542436028 0.007440961747409172
0.4157932043978101 0.0018387776164753918
0.41633024730756124 0.006697649890600375
0.4168679838676267 0.0005963699177431888
0.41740641497393255 0.0033087293761421095
0.41794554152356206 0.003941414030431893
0.41848536441475725 0.0028579312099493237
0.41902588454692025 0.007496766670793786
0.4195671028206148 0.0027386830672249665
0.42010902013756807 0.0020970842860991916
0.4206516374006716 0.005276403504478689
0.4211949555139833 0.004333506427302021
0.4217389753827287 0.00013424219442423221
0.4222836979133026 0.0018741342885597134
0.4228291240132705 0.000420272699951488
0.42337525459137 0.001971769581028347
0.4239220905575125 0.0013113922819429596
0.4244696328227848 0.006467368354760798
0.42501788229945026 0.004089540390549527
0.4255668399009506 0.0004475329610958981
0.4261165065419074 0.0016841266526341951
0.42666688313812356 0.007593076529729752
0.42721797060658473 0.0027761504261914504
0.4277697698654611 0.0030201895653360444
0.4283222818341087 0.004930616651451075
0.42887550743307107 0.003266118559526447
0.4294294475840806 0.004015399697181539
0.4299841032100603 0.0003382031935513807
0.4305394752351253 0.00717235429384637
0.4310955645845842 0.003526491984867167
0.4316523721849408 0.0063936402460664865
0.43220989896389556 0.008076127951220247
0.4327681458503472 0.00336294475006292
0.43332711377439415 0.005499572878505427
0.43388680366733623 0.0028289422123784092
0.43444721646167617 0.0062101193143914955
0.43500835309112107 0.011490512696255097
0.435570214490584 0.007129188219364375
0.4361328015961855 0.00977414926755807
0.43669611534525543 0.00605678758872549
0.4372601566763342 0.003847748849399461
0.4378249265291744 0.00747535864484492
0.43839042584474247 0.003975107398350645
0.4389566555652202 0.005289154591793498
0.4395236166340063 0.007838998163589619
0.440091309995718 0.008531486969001027
0.4406597365961926 0.004892674097332573
0.4412288973824891 0.003798113633674336
0.4417987933028897 0.008252680351624287
0.44236942530690126 0.005792926211730415
0.44294079434525735 0.006060385478086851
0.4435129013699192 0.004105677381007923
0.4440857473340779 0.008282618054802406
0.4446593331921554 0.009096233741321411
0.44523365989980657 0.008731538041092068
0.44580872841392055 0.005077526377848081
0.4463845396926225 0.009203717507757073
0.44696109469527495 0.007193882250439283
0.44753839438247967 0.00734461323277464
0.4481164397160792 0.01025299763972277
0.44869523165915814 0.0030524131062970566
0.44927477117604536 0.008491110033957427
0.4498550592323151 0.0059281112912209525
0.45043609679478874 0.006598758416454835
0.45101788483153643 0.009350236783893046
0.45160042431187863 0.00664710657590628
0.452183716206388 0.005013532541886742
0.4527677614868905 0.001913984530808651
0.4533525611264676 0.007027199582475882
0.4539381160994574 0.011664556301108383
0.45452442738145654 0.007078820520418406
0.45511149594932176 0.005540899996586088
0.45569932278117153 0.005953319690099218
0.4562879088563876 0.010212056409076556
0.45687725515561683 0.013082475887683529
0.45746736266077254 0.007761484727376609
0.4580582323550364 0.00669049026727595
0.45864986522285994 0.00937701634847822
0.4592422622499662 0.007078061561399895
0.4598354244233515 0.0017747761998213529
0.46042935273128677 0.0026215004535974896
0.46102404816331954 0.00579092714210365
0.46161951171027543 0.007133760782855992
0.4622157443642599 0.011646862326186396
0.4628127471186596 0.004722210196823775
0.46341052096814445 0.0027114827661802125
0.4640090669086691 0.008663281648522163
0.4646083859374744 0.009201231247843443
0.4652084790530895 0.008912447534134693
0.46580934725533296 0.008477784314484375
0.466410991545315 0.013376208481958345
0.4670134129254388 0.010531366200254555
0.46761661239940217 0.0013317103333132967
0.4682205909721993 0.0034915656273507797
0.4688253496501226 0.002772157654164557
0.4694308894407641 0.012159380812384962
0.4700372113530173 0.0036442741644065455
0.4706443163970786 0.01341614959381499
0.4712522055844495 0.010013967881924105
0.4718608799279378 0.0034810002007447595
0.4724703404416594 0.006280752602812885
0.47308058814104015 0.01326642954349971
0.47369162404281734 0.014190704999279232
0.4743034491650416 0.012958935310940611
0.4749160645270784 0.011077461441663038
0.47552947114960986 0.005305298149731987
0.47614367005463637 0.007736324782678006
0.47675866226547853 0.0046935525943435
0.4773744488067784 0.00832583284101241
0.47799103070450166 0.01147657954293681
0.47860840898593915 0.008053910825752872
0.4792265846797084 0.01257326917327575
0.4798455588157558 0.015661220095287386
0.4804653324253577 0.009365713575376538
0.4810859065411227 0.00305263603229014
0.48170728219699305 0.004806598201565365
0.4823294604282464 0.011932683822534993
0.48295244227149764 0.010675887662124158
0.4835762287647006 0.014707985235056075
0.48420082094714956 0.005839769831397503
0.4848262198594814 0.015471285814765874
0.48545242654367693 0.012115382932978811
0.48607944204306286 0.005388682898386857
0.48670726740231346 0.006825418221352754
0.4873359036674524 0.0041190167085339265
0.48796535188585416 0.0033910617288416063
0.48859561310624633 0.014214231865048785
0.4892266883787108 0.008361429843969877
0.4898585787546859 0.00972035749131128
0.49049128528696795 0.011882136403988717
0.4911248090297131 0.0152786463836395
0.49175915103843904 0.012435504285730904
0.49239431237002673 0.010073964267778747
0.49303029408272236 0.007248368745193529
0.49366709723613883 0.006624658712585478
0.4943047228912576 0.014047526222607177
0.4949431721104307 0.012017809321285705
0.49558244595738216 0.014377268364541083
0.4962225454972099 0.0022724897418257015
0.4968634717963876 0.004608723110179574
0.4975052259227665 0.007253795857099087
0.4981478089455769 0.010607951973014897
0.49879122193543024 0.015515208234689538
0.49943546596432076 0.014857472542207685
0.5000805421056272 0.002307200075949235
0.500726451434115 0.002691430315740331
0.5013731950259372 0.0035448911715438352
0.5020207739586375 0.014915331466661247
0.5026691893111509 0.00539371926809482
0.5033184421638061 0.003531199386821466
0.5039685335983272 0.005112780458758687
0.5046194646978353 0.012263557110317352
0.5052712365468507 0.006128213842858397
0.5059238502312943 0.012965513224463517
0.5065773068384898 0.005581874243215352
0.507231607457165 0.00962800695389597
0.5078867531774541 0.008458473345502628
0.5085427450908995 0.012230889338255958
0.509199584290453 0.006303465945909913
0.5098572718704785 0.0077064132153888375
0.5105158089267531 0.010094252112613694
0.5111751965564693 0.0038915735054313285
0.5118354358582369 0.006037286192832614
0.5124965279320843 0.00646381599308433
0.5131584738794613 0.0055530164894290095
0.5138212748032398 0.01631206707688852
0.5144849318077164 0.009449046406884817
0.515149445998614 0.006847198189072286
0.5158148184830837 0.003843978943255547
0.5164810503697066 0.015146249640565806
0.5171481427684955 0.005624351927337502
0.5178160967908972 0.006380569096825536
0.5184849135497939 0.0024771533005726984
0.5191545941595049 0.0043402806248290585
0.5198251397357894 0.004363613355446945
0.5204965513958473 0.006633185997506207
0.5211688302583215 0.0037688235292757505
0.5218419774432999 0.015391564447549055
0.522515994072317 0.015623364444588516
0.523190881268356 0.012519452448681282
0.5238666401558505 0.013841882941254761
0.5245432718606864 0.013252959326133807
0.5252207775102038 0.012571178830150144
0.5258991582331989 0.004155649155883444
0.5265784151599259 0.00441855461513127
0.5272585494220988 0.006878419503561895
0.5279395621528935 0.004019964429159009
0.5286214544869493 0.017222215884036107
0.529304227560371 0.016347320374790787
0.529987882510731 0.004029090375133198
0.5306724204770709 0.01727509821313105
0.5313578425999034 0.010550214898547267
0.5320441500212145 0.01156191143237634
0.5327313438844651 0.00796441131170763
0.533419425334593 0.007923423761956611
0.5341083955180147 0.01376693605131534
0.5347982555826277 0.013073860524907485
0.535489006677812 0.006481035139757058
0.5361806499544318 0.01599841396767096
0.5368731865648385 0.013050922008244304
0.5375666176628714 0.012327557972244822
0.53826094440386 0.013759559204384703
0.5389561679446264 0.013373218143715204
0.5396522894434866 0.010945895917002412
0.540349310060253 0.011833070737267477
0.5410472309562355 0.0038435345262579556
0.5417460532942445 0.011115255250438348
0.5424457782385921 0.015119961667302008
0.5431464069550941 0.005405877012558516
0.5438479406110722 0.012823777243024496
0.5445503803753559 0.014177054415154548
0.5452537274182842 0.004764350591492836
0.5459579829117078 0.005300623617460016
0.5466631480289911 0.01376437941963616
0.5473692239450139 0.008471625594271118
0.5480762118361733 0.009518280221179828
0.5487841128803863 0.004253919133351097
0.5494929282570911 0.013045810610701843
0.550202659147249 0.014311275089986834
0.5509133067333469 0.008611874068789913
0.5516248721993993 0.0032235434802674007
0.5523373567309493 0.007661961854186414
0.5530507615150719 0.006490996901797095
0.5537650877403749 0.007825761831490356
0.5544803365970017 0.01341096049401615
0.5551965092766324 0.013020518042225501
0.5559136069724869 0.012330304170668481
0.5566316308793258 0.007086818349368517
0.557350582193453 0.013544744933186243
0.5580704621127176 0.011912551836386407
0.5587912718365159 0.010816713085116749
0.5595130125657932 0.008563350013306069
0.5602356855030461 0.007800351029294497
0.5609592918523243 0.00996855937710397
0.5616838328192327 0.003839172479977613
0.5624093096109333 0.011942676211199432
0.5631357234361473 0.004160883444274187
0.563863075505157 0.004812245598933322
0.5645913670298083 0.003687260400237477
0.565320599223512 0.011197845250133473
0.566050773301246 0.008342723323739285
0.566781890479558 0.010259694755467291
0.5675139519765664 0.005923080201462798
0.5682469590119634 0.0077723622080504515
0.5689809128070165 0.00238202189954093
0.5697158145845702 0.008486924168212832
0.5704516655690491 0.012614600367725794
0.5711884669864588 0.009656457902378537
0.5719262200643883 0.012338899424993026
0.5726649260320128 0.009854590526205392
0.5734045861200945 0.009117176848844655
0.5741452015609856 0.010538385691555305
0.5748867735886298 0.012110146971943347
0.5756293034385648 0.007899436087577903
0.5763727923479239 0.006904595940615699
0.5771172415554386 0.011354623653153654
0.57786265230144 0.010523555385949991
0.5786090258278614 0.010893634456233633
0.5793563633782405 0.0075371854460598645
0.5801046661977204 0.012309401682629631
0.5808539355330532 0.009432081247566624
0.581604172632601 0.008378174532497803
0.5823553787463382 0.01284598812354446
0.5831075551258539 0.01031089219712548
0.5838607030243536 0.01105511865091567
0.5846148236966615 0.014806153722980782
0.5853699183992227 0.008859055580304353
0.5861259883901049 0.006498012313943878
0.5868830349290007 0.00877120560069919
0.5876410592772301 0.007785943601556768
0.5884000626977419 0.005549659153469416
0.5891600464551162 0.0002762041001362329
0.5899210118155666 0.005267894403480734
0.5906829600469419 0.006366823864054052
0.5914458924187286 0.005718647832026666
0.592209810202053 0.006718852172050703
0.5929747146696831 0.010279476409319217
0.5937406070960306 0.004292998741551613
0.5945074887571536 0.006830953317204125
0.5952753609307583 0.004924366994397248
0.596044224896201 0.00877768733098937
0.5968140819344906 0.007298937382442223
0.5975849333282904 0.006526923118766589
0.5983567803619207 0.0075406069603684385
0.5991296243213603 0.012426123472516733
0.5999034664942493 0.006693911939170875
0.6006783081698907 0.011244441459430965
0.6014541506392527 0.00934716414812479
0.6022309951949713 0.0075540321365521225
0.6030088431313516 0.010160082233250723
0.6037876957443711 0.008064322456779257
0.6045675543316804 0.007416938125648233
0.6053484201926067 0.010481012735408362
0.6061302946281554 0.01209659547262354
0.606913178941012 0.013153991190888885
0.6076970744355448 0.013121265213371291
0.6084819824178068 0.011320810981990122
0.6092679041955379 0.012297712422615676
0.6100548410781669 0.009110798368007239
0.6108427943768142 0.01455434203359797
0.6116317654042935 0.010798223125275905
0.6124217554751141 0.006787774586478775
0.6132127659054832 0.013536877580590601
0.6140047980133081 0.011975447139298672
0.614797853118198 0.009908551856217826
0.6155919325414669 0.0046367418322908515
0.6163870376061353 0.0013304261565353324
0.6171831696369325 0.004190469590935691
0.6179803299602988 0.0062616615311593534
0.6187785199043878 0.007531611245467123
0.6195777407990685 0.007815593055981644
0.6203779939759276 0.003712568595381912
0.6211792807682718 0.006340370485822867
0.6219816025111297 0.0069262633222363455
0.6227849605412543 0.004210319152385763
0.6235893561971254 0.004505539417414973
0.6243947908189514 0.006832860347205814
0.6252012657486716 0.007568788981101277
0.6260087823299588 0.009576576755381505
0.6268173419082212 0.0069233997629318785
0.6276269458306047 0.006338900229860784
0.6284375954459953 0.005622490721574179
0.6292492921050211 0.005238336940766224
0.6300620371600548 0.005726700469505512
0.6308758319652158 0.009884558812869412
0.6316906778763725 0.010727705341907865
0.6325065762511444 0.006914896779722502
0.6333235284489048 0.010399177909905346
0.6341415358307828 0.011100240091802086
0.634960599759665 0.010324581155944663
0.635780721600199 0.009212941965754133
0.6366019027187947 0.007671934381563494
0.6374241444836267 0.008345485297628668
0.6382474482646371 0.006195563985390116
0.6390718154335371 0.008699097084064192
0.6398972473638099 0.011047575468986479
0.6407237454307124 0.011837341464009547
0.6415513110112782 0.015739939307496117
0.6423799454843191 0.014836133539814255
0.643209650230428 0.009737301307342395
0.6440404266319809 0.009435842172987355
0.6448722760731393 0.010994543203027377
0.6457051999398528 0.01770727543863169
0.6465391996198605 0.01061840657720831
0.6473742765026943 0.013815295917812578
0.648210431979681 0.01806368919152026
0.649047667443944 0.008558766681634663
0.6498859842904064 0.011084468602624284
0.650725383915793 0.007007011309544233
0.6515658677186326 0.008590313743241757
0.65240743709926 0.008795909330169575
0.6532500934598191 0.013613077853178198
0.6540938382042647 0.015309267912297413
0.6549386727383651 0.005771897936031649
0.655784598469704 0.005428460273281152
0.6566316168076834 0.010720746830428975
0.6574797291635256 0.012979853226764856
0.6583289369502757 0.01172042859660528
0.6591792415828038 0.01278743551764379
0.6600306444778076 0.012649824128640087
0.6608831470538145 0.015562745414619905
0.6617367507311841 0.014231355952954813
0.6625914569321106 0.014110290212602074
0.6634472670806253 0.014085299909621055
0.6643041826025985 0.010507226857676273
0.6651622049257422 0.013202582579450747
0.6660213354796125 0.008988756466160892
0.666881575695612 0.005454699462525193
0.6677429270069922 0.012737081086920302
0.6686053908488555 0.010678968031151951
0.6694689686581581 0.010552896860743618
0.6703336618737122 0.007605014863680344
0.6711994719361883 0.005958129474539949
0.6720664002881177 0.008770886215768665
0.6729344483738949 0.01300277489617793
0.6738036176397803 0.00557898000570949
0.6746739095339015 0.012983882224605146
0.6755453255062573 0.006100303963658385
0.6764178670087191 0.009834492554351083
0.6772915354950335 0.006348104826943092
0.6781663324208247 0.007861925695341934
0.6790422592435972 0.014307399567425348
0.6799193174227377 0.01586590585426977
0.6807975084195184 0.013211863133379124
0.6816768336970983 0.006696873594102892
0.6825572947205266 0.013247380582764817
0.6834388929567448 0.013291670017644083
0.6843216298745888 0.01410978521935199
0.6852055069447919 0.005439768619991965
0.686090525639987 0.009720505914409915
0.686976687434709 0.009801965698873417
0.6878639938053974 0.007499180401007184
0.6887524462303988 0.009975281823459175
0.6896420461899688 0.006907056871465907
0.6905327951662755 0.008507978132196607
0.6914246946434008 0.007143068269251196
0.6923177461073441 0.017572921318848723
0.6932119510460234 0.01090947374816462
0.6941073109492792 0.012086761573968756
0.6950038273088759 0.007621384010028822
0.6959015016185046 0.01216171220399206
0.6968003353737862 0.01734408012562579
0.6977003300722725 0.01834332765254087
0.6986014872134505 0.013977396713426382
0.6995038082987433 0.009368592580411795
0.7004072948315134 0.016751663371703456
0.7013119483170653 0.019432114535670314
0.7022177702626474 0.008639247081158792
0.7031247621774551 0.01394454161108629
0.7040329255726332 0.01720506021490484
0.704942261961278 0.01747472392943949
0.7058527728584403 0.011753429931138306
0.7067644597811278 0.005323660849435024
0.7076773242483075 0.004954213747712958
0.7085913677809085 0.007378972885327122
0.7095065919018239 0.014589841664004604
0.7104229981359143 0.017574320598711175
0.7113405880100095 0.011726579448994913
0.7122593630529116 0.02306113748077663
0.7131793247953971 0.009727320254346998
0.7141004747702199 0.007978333397356284
0.7150228145121131 0.0059838599150557285
0.7159463455577929 0.014273024523577154
0.7168710694459597 0.013993106614215786
0.7177969877173015 0.005890115696447861
0.7187241019144962 0.010881423310238954
0.7196524135822144 0.01842817770324858
0.7205819242671219 0.02277502711828055
0.7215126355178816 0.013524645250671114
0.7224445488851574 0.009258934317348057
0.7233776659216156 0.00988822269617123
0.7243119881819281 0.009712225053064977
0.7252475172227748 0.011051067588046987
0.7261842546028463 0.023545677800649964
0.7271222018828462 0.006412459123290854
0.7280613606254942 0.019245425833543463
0.7290017323955282 0.0168569605602019
0.7299433187597074 0.023510550495821216
0.7308861212868143 0.024779624376334235
0.7318301415476578 0.02502361105748095
0.7327753811150759 0.017692235195446753
0.7337218415639377 0.012630811142480202
0.7346695244711468 0.00593381927202679
0.7356184314156431 0.013962669695820214
0.7365685639784064 0.018691136994686504
0.7375199237424581 0.025223294166529235
0.7384725122928644 0.025943024792738186
0.7394263312167387 0.026532483819877266
0.7403813821032447 0.02208805880034269
0.741337666543598 0.02557691791144902
0.7422951861310702 0.025380918035565365
0.7432539424609902 0.023306522911741557
0.7442139371307476 0.026131447516448383
0.7451751717397954 0.025578831044890307
0.7461376478896523 0.02603487634736978
0.7471013671839055 0.02441832881961654
0.7480663312282135 0.02557277858338306
0.7490325416303087 0.026018939312508423
0.75 0.026642765179613483
0.7535957271382807 0.02500194500340055
0.757208693281432 0.026006678368512313
0.7608389810784641 0.026256101707490407
0.7644866735746316 0.019444212562677518
0.7681518542133332 0.02420837280473346
0.7718346068380205 0.018169359662521107
0.7755350156941161 0.011994324859190776
0.7792531654309404 0.013034299045603286
0.7829891411036486 0.016986138283223186
0.7867430281751759 0.02165918479555694
0.7905149125181926 0.020490415881779682
0.7943048804170689 0.023635850001118935
0.7981130185698482 0.01685166541668569
0.8019394140902305 0.023330646609202026
0.8057841545095653 0.025602755535064116
0.8096473277788541 0.02706904459025585
0.8135290222707618 0.023302638250215512
0.817429326781639 0.026986442590832025
0.8213483305335527 0.0260075738549465
0.8252861231763274 0.025661185461344584
0.8292427947895962 0.022302522966761617
0.833218435884861 0.026966639755669895
0.8372131374075636 0.023736506283653886
0.8412269907391656 0.02591372006712462
0.8452600876992389 0.016651026805756076
0.8493125205475665 0.023233957354574484
0.8533843819862523 0.02254971750518955
0.8574757651618429 0.022309928454150075
0.8615867636674567 0.025405421835610502
0.8657174715449267 0.02456635124528345
0.8698679832869504 0.024665790898980935
0.8740383938392522 0.02641040014880268
0.8782287986027549 0.025144809509341073
0.8824392934357623 0.026113640589515878
0.8866699746561519 0.02540017409046894
0.8909209390435783 0.025838475363868012
0.8951922838416869 0.01902046313124983
0.8994841067603389 0.023613452981720122
0.903796505977846 0.02593919511634154
0.9081295801432163 0.024095708112963913
0.9124834283784115 0.02617977169935012
0.9168581502806137 0.02623580101445777
0.9212538459245041 0.017365821303916434
0.9256706158645523 0.02588827020241192
0.9301085611373165 0.02435874958891414
0.9345677832637547 0.02520218096581699
0.939048384251547 0.02533911894729521
0.9435504665974296 0.023696614090559825
0.9480741332895386 0.02547883057360827
0.9526194878097667 0.02539341986785155
0.9571866341361303 0.025047527397122498
0.9617756767451473 0.024634236361302627
0.9663867206142284 0.02482031256193848
0.9710198712240772 0.024437163706072636
0.975675234561104 0.023618543471417022
0.9803529171198504 0.02428777657873354
0.9850530259054243 0.02493212577380743
0.9897756684359491 0.02444530287701149
0.9945209527450225 0.024223473091878438
0.9992889873841879 0.01684789741390757
1.0040798814254177 0.02440876498270716
1.0088937444636084 0.018700749711694147
1.0137306866190876 0.024587288975860745
1.0185908185401331 0.022836729777729416
1.023474251405504 0.023769615917200188
1.0283810969269844 0.024111512462395183
1.033311467351938 0.022473817246521303
1.0382654754658767 0.02384339318448474
1.04324323459504 0.023651817038651685
1.048244858608988 0.023628511811913333
1.053270461923206 0.023252354407115997
1.0583201595017218 0.022530934403263408
1.0633940668597348 0.02352787154720586
1.0684923000662605 0.02309066462788741
1.0736149757467832 0.022914453986365237
1.0787622110859263 0.022860210309928228
1.0839341238301308 0.02296731735206056
1.08913083229035 0.022419769428210747
1.0943524553447561 0.022707828913098787
1.099599112441459 0.020975394823100898
1.1048709236012393 0.021311374719920766
1.1101680094202928 0.022499419097556483
1.1154904910729908 0.022073501167273277
1.120838490314651 0.02169874045625736
1.126212129484323 0.01871572211109051
1.1316115315075865 0.021962057719642124
1.1370368198993641 0.021912117169892137
1.1424881187667462 0.021303434314918216
1.1479655528118298 0.021708654545743396
1.1534692473345722 0.021460007696917707
1.1589993282356565 0.021536670098866267
1.164555922019371 0.021367225452355164
1.170139155796505 0.020976404024986968
1.1757491572872547 0.021066386384469452
1.1813860548241462 0.020939729936880834
1.1870499773549694 0.02090672926077354
1.1927410544457302 0.020884620002912784
1.198459416283613 0.019552425018991612
1.2042051936799583 0.020522988671005975
1.2099785180732563 0.020424592270857442
1.2157795215321532 0.02025892483814993
1.221608336758472 0.02033038615380797
1.2274650970902483 0.019898856827926543
1.2333499365047813 0.020070156217887363
1.2392629896216973 0.019939944135294277
1.24520439170603 0.019898323310517003
1.251174278671315 0.019760400628599933
1.2571727870826979 0.01922194738754256
1.2632000541600594 0.01926138777947328
1.269256217781154 0.019075968337498195
1.2753414164847634 0.019050076885622602
1.281455789473867 0.018727254896635945
1.2875994766188243 0.019166550407321566
1.2937726184605767 0.018811178871217915
1.2999753562138607 0.01904448374816449
1.30620783177044 0.018716409938141835
1.3124701877023488 0.01734145541806169
1.3187625672651564 0.0186808183890041
1.3250851144012417 0.018492718882589108
1.3314379737430875 0.01837808859671885
1.337821290616588 0.01810102957209054
1.3442352110443743 0.018110892470056556
1.3506798817491539 0.01424528424720519
1.3571554501570673 0.01776143939927853
1.363662064401061 0.017815447355495985
1.3701998733242755 0.017495327197644666
1.3767690264834498 0.017507542535580567
1.3833696741523442 0.01623788863735561
1.3900019673251762 0.014369143549649833
1.3966660577200758 0.017622594263371268
1.4033620977825552 0.017367760887190557
1.4100902406889968 0.016837584489736466
1.4168506403501568 0.016778840637116873
1.4236434514146867 0.016776097504333672
1.43046882927267 0.016952415045828083
1.4373269300591769 0.016473841890941775
1.4442179106578377 0.01643204432802148
1.4511419287044287 0.01573146255274779
1.4580991425904812 0.016445364064888713
1.4650897114669033 0.013214918770833061
1.4721137952476195 0.01642764738456172
1.4791715546132318 0.015787378057888327
1.4862631510146926 0.0164939701774817
1.4933887466769993 0.0164524527261343
1.5005485046029052 0.01579605597711956
1.5077425885766482 0.01559297927682122
1.514971163167697 0.01284028247964021
1.5222343937345166 0.0160891216860575
1.5295324464283504 0.016100129592687532
1.5368654881970214 0.015618186007139559
1.5442336867887507 0.015988070641568115
1.5516372107559953 0.016492865995637356
1.559076229459304 0.015500132585475277
1.5665509130711908 0.015243494944493396
1.5740614325800286 0.01644885854238257
1.5816079597939605 0.01609196367179169
1.5891906673448297 0.014709228060320432
1.5968097286921286 0.01612444309089695
1.604465318126967 0.01467348663935167
1.6121576107760593 0.01587741731719139
1.6198867826057304 0.01366001595254862
1.6276530104259406 0.016556760996549427
1.6354564718943307 0.016613967211254355
1.643297345520287 0.01622738932246338
1.6511758106690229 0.015944364558217055
1.659092047565683 0.015217167724656389
1.6670462372994665 0.013891289714085773
1.6750385618277683 0.014985828453105572
1.6830692039803425 0.015195365263083883
1.6911383474634847 0.014834663283814362
1.6992461768642335 0.014715453894805879
1.707392877654594 0.01219650437037486
1.7155786361957803 0.013364942809162816
1.7238036397424783 0.01330530178883154
1.7320680764471306 0.008880031729110347
1.7403721353642378 0.01179540707351846
1.7487160064546867 0.01323380826099282
1.7570998805900933 0.013090637804232093
1.76552394955717 0.01232570931479634
1.7739884060621127 0.012547353632911087
1.7824934437350097 0.010590378073687573
1.7910392571342704 0.012414863604343773
1.7996260417510754 0.011148894936920553
1.80825399401385 0.011885516333230595
1.8169233112927567 0.011027350408346615
1.8256341919042098 0.011256294849009661
1.834386835115414 0.01121026817573211
1.8431814411489198 0.011380136822202366
1.8520182111872059 0.009945342470101304
1.8608973473772803 0.010671151002044478
1.8698190528353054 0.00762258299620376
1.8787835316512442 0.009106092231989405
1.8877909888935285 0.009647464655352133
1.89684163061375 0.008976236343605818
1.9059356638513747 0.0055545215913701635
1.915073296638478 0.009512638625760544
1.9242547380045036 0.006197000047845855
1.9334801979810476 0.009128110340325412
1.9427498876066593 0.009072744503017743
1.9520640189316716 0.008992334454795678
1.96142280502305 0.009099211175056543
1.9708264599692682 0.008845407059425032
1.9802751988852059 0.008777927713235548
1.9897692379170668 0.008635305172126526
1.999308794247326 0.007974315413411195
2.0088940860996973 0.00827691390417224
2.018525332744124 0.008000339921666872
2.0282027545017973 0.0071427026743132015
2.037926572750194 0.008084778323230627
2.0476970099281426 0.00763971816996272
2.057514289540909 0.006806128680231889
2.0673786361653126 0.007298108413352834
2.0772902754548603 0.007334541476127692
2.0872494341449133 0.0072897228860013515
2.097256340057868 0.006708925603934342
2.107311222108371 0.006848630590676725
2.1174143103085554 0.0068041670749166006
2.1275658357733027 0.006107821022125501
2.1377660307255275 0.0063033250181388925
2.1480151285014935 0.006858404110316664
2.158313363556147 0.006532583091280249
2.168660971468484 0.006373561712717603
2.1790581889469367 0.006303312450549463
2.189505253834789 0.006269567517832989
2.2000024051156175 0.005504025200462603
2.21054988291876 0.006211187145070982
2.2211479285248057 0.005962963723369856
2.231796784371116 0.005988169748671288
2.2424966940573703 0.005940321574594743
2.2532479023511387 0.005868913223616743
2.264050655193483 0.005812830164340586
2.274905199704578 0.0056254770304032505
2.2858117841893697 0.00564529150217474
2.296770658143252 0.0026603296667979497
2.307782072257775 0.0051272521085040735
2.318846278426381 0.005292907271022657
2.329963529750166 0.005268501437878503
2.341134080543669 0.004014598899390162
2.3523581863406884 0.004660303882265745
2.3636361039001312 0.003500704034526473
2.374968091211883 0.004467643799365584
2.386354407502711 0.00467789468380374
2.3977953132421947 0.003762837644748671
2.4092910701486843 0.0034834480465588207
2.420841941195286 0.004323002307302756
2.4324481906158777 0.004450110120225478
2.444110083911157 0.004220961209012809
2.4558278878547095 0.004185619164282353
2.467601870499117 0.00262976166841925
2.4794323011820847 0.002392090226481563
2.491319450532605 0.003728876982962106
2.503263590477147 0.004053465133600013
2.5152649942458787 0.0028850190636226943
2.5273239363789144 0.0020004560761241797
2.5394406927326 0.00357855040043994
2.5516155404858174 0.0037362905257474098
2.5638487581463285 0.003487239802375982
2.5761406255571475 0.002435883051639381
2.5884914239029375 0.003343805003107299
2.6009014357164504 0.0028064326732641807
2.6133709448849824 0.0023550077661937765
2.625900236656872 0.0024443397238922667
2.638489597648025 0.002819421664883047
2.6511393158484706 0.0027504263817932986
2.663849680628949 0.0023924784969749247
2.676620982747533 0.0026049634764973625
2.6894535143562757 0.0031250364013218294
2.702347569007896 0.0026599576002115737
2.7153034416624937 0.0027859455289619608
2.7283214286942967 0.0029074256472849313
2.741401827898442 0.0024960236360905153
2.7545449384977845 0.002067859872312303
2.7677510611497445 0.002026007825440976
2.7810204979531865 0.0023100381478609227
2.7943535524553265 0.0020510029419805145
2.8077505296586787 0.0015606889168861124
2.821211736028033 0.0022247871547309136
2.8347374794974622 0.0024968098501250598
2.8483280694773696 0.0024318718958364466
2.861983816861565 0.0017042204156772183
2.8757050340343775 0.0022090084317168807
2.8894920348778004 0.001615831743130474
2.903345134778675 0.0020316224813456043
2.9172646506359 0.002203969966046649
2.931250900867685 0.0022964377058371883
2.945304205418831 0.0013850501485487626
2.9594248857680525 0.001747496460990399
2.9736132649353317 0.0019772890703864347
2.9878696674893046 0.0012830060815674095
3.0021944195546872 0.0015639744552228194
3.0165878488197375 0.0019164556325975159
3.031050284543749 0.001553732276592619
3.045582057564585 0.001974641441626507
3.060183500306246 0.0016458477926550067
3.0748549467864725 0.001603176992761742
3.089596732624388 0.0018513967757463638
3.1044091950481763 0.0017282079816050159
3.1192926729027923 0.001196608847238744
3.1342475066577213 0.0014904055385150357
3.1492740384147586 0.0013392762204974544
3.1643726119158395 0.001261586924818854
3.1795435725509034 0.0014252091577331419
3.194787267365793 0.0013318973553820648
3.210104045070193 0.001651460805100132
3.2254942560456112 0.0014647514407683173
3.240958252353387 0.0014925598037319558
3.2564963877427493 0.0015655607094506975
3.272109017658909 0.001520888834656036
3.2877964992511868 0.0010742851297861119
3.3035591913811895 0.001257928581186993
3.3193974546310105 0.0012326054351677904
3.335311651311486 0.0013802010911725332
3.3513021454704788 0.0013500303437582763
3.3673693029012073 0.0010833008443913114
3.3835134911506137 0.0013299792152515104
3.3997350795277725 0.001212269941344013
3.416034439112336 0.0012581678203450965
3.4324119427630264 0.0013190638280477617
3.448867965126162 0.0012115609123583763
3.4654028826442294 0.001211545037021381
3.482017073564496 0.001193973775634162
3.4987109179476596 0.0011287281097527007
3.5154847976765438 0.0011694977503850118
3.5323390964648356 0.001150795236414752
3.5492741998658603 0.001088869289072344
3.5662904952814025 0.0010412324561394155
3.58338837197057 0.0011223384842053645
3.6005682210586953 0.0009018989976062303
3.6178304355462845 0.0010570669709841754
3.635175410318007 0.0010722014980701793
3.6526035421517284 0.0010296269386144928
3.6701152297275876 0.0010039886104605004
3.687710873637119 0.0010388395079136991
3.7053908763924124 0.0010038923958313015
3.7231556424353216 0.0009710648706596096
3.7410055781467184 0.0009583344124797792
3.758941091855786 0.000945535099032858
3.7769625938493654 0.0005922653951671557
3.795070496381332 0.0009495461589566624
3.8132652136820346 0.0008189192045793271
3.8315471619677655 0.0009110087447759634
3.849916759450285 0.0008768577243663467
3.8683744263463873 0.0008801910735156973
3.8869205848875135 0.0008601369445506917
3.9055556593294094 0.0008517017612986522
3.9242800759618315 0.0008013186020166871
3.943094263118298 0.0008075607048339714
3.9619986511858882 0.000808147671976487
3.980993672615089 0.000779203766562786
4.000079761929683 0.0007446725582606977
4.019257355736694 0.0007554400219981328
4.03852689273637 0.0007505120252448064
4.057888813732221 0.0007216117418851398
4.077343561641103 0.0007215487748797048
4.096891581503353 0.0007135459545316346
4.11653332049296 0.0006858216946786994
4.136269227927804 0.0005421506941643804
4.156099755279931 0.0004913904663649349
4.17602535618588 0.0006656739865158896
4.19604648645706 0.0006270906722060023
4.216163604090182 0.0006492672592328084
4.236377169277727 0.0006175846006462074
4.25668764441848 0.0006263378371537962
4.277095494128106 0.000590839369348449
4.2976011852497775 0.0003728617477420275
4.318205186864858 0.0005724572683205091
4.338907970303623 0.0004905648644905486
4.359710009156054 0.0005529418741990632
4.380611779282662 0.0005210390496926964
4.4016137588253805 0.00047715159981903736
4.422716428218497 0.00045168662683750847
4.4439202701996505 0.00030873445304343807
4.465225769820868 0.000360671054720549
4.486633414459661 0.0004915837020248215
4.50814369383018 0.0004784146075340669
4.529757099994412 0.0004102956061372717
4.551474127373438 0.000425934883870501
4.5732952727587435 0.0003145975074846726
4.595221035323583 0.0003708986153426166
4.617251916634397 0.000418606444223754
4.639388420662292 0.00030669638470169077
4.661631053794558 0.0003943910412643662
4.683980324846266 0.0004163823353897145
4.706436745071897 0.0003965093770262374
4.729000828177038 0.0003138141843747224
4.751673090330143 0.0003887321772831859
4.774454050174326 0.00037016633392958863
4.79734422883924 0.00038299047001136044
4.820344149952989 0.0003657538761186993
4.843454339654107 0.0002990830988938834
4.866675326603597 0.0003567562296289382
4.890007641997023 0.00022045295658779855
4.91345181957666 0.0003129996836105807
4.937008395643709 0.0003226079226454186
4.960677909070557 0.00023794033029922283
4.98446090131311 0.00034007935384341
5.008357916423177 0.0002209985114711705
5.032369501060916 0.00020996546614331487
5.0564962045073445 0.0003190642826572999
5.0807385786768915 0.0002690051192753025
5.105097178130036 0.00025159563522534804
5.129572560085985 0.00029533386066460247
5.154165284435427 0.0002889050469041227
5.1788759137533305 0.00027533610235343757
5.203705013311826 0.00026140158598729376
5.2286531510931225 0.00025531446858779837
5.253720897802513 0.0002090368855455344
5.278908826881421 0.0002563089254929637
5.304217514520523 0.00023517372615195143
5.329647539672928 0.00019100311050086985
5.355199484067426 0.00018662463901006045
5.380873932221783 0.00022681278231901082
5.406671471456126 0.00020965921075488737
5.432592691906369 0.00022704422297333988
5.458638186537719 0.00018406894617251866
5.484808551158237 0.00023303274944173622
5.511104384432469 0.00019005277600315487
5.537526287895138 0.00019641707966931054
5.5640748659649075 0.00014922691012300053
5.590750725958208 0.00021916578349458343
5.617554478103128 0.0002065431118631633
5.644486735553375 0.00020202609310060438
5.671548114402301 0.00020703039123809607
5.698739233696996 0.00017679003315591014
5.726060715452448 0.0001858326227787827
5.753513184665774 0.0001518092285281421
5.781097269330519 0.00019088682266186837
5.808813600451015 0.00018610917315384204
5.836662812056822 0.0001742905701207815
5.864645541217231 0.00016822877223275485
5.892762428055834 0.00017414287904162425
5.921014115765167 0.00017315115872549878
5.949401250621433 0.00016344206640974418
5.977924481999274 0.00014885310069488828
6.0065844623866305 0.00016675152179453388
6.035381847399669 0.00015968067731549968
6.0643172957977765 0.00015701941839240898
6.093391469498636 0.00015189211370665668
6.122605033593362 0.00015339027960327217
6.151958656361717 0.00014910739910664006
6.181453009287397 0.00013427767205495273
6.2110887670734 0.00014755980144950668
6.240866607657446 0.00013079916612603393
6.270787212227504 0.000141213324043176
6.300851265237357 0.00013950575617907907
6.331059454422269 0.00011380658452245434
6.361412470814716 0.00013714561877351003
6.39191100876019 0.0001294123463156902
6.422555765933088 0.00012645185896584092
6.45334744335267 0.00012703951647510467
6.4842867453990936 9.932963300791927e-05
6.515374379829527 0.00010599800309566836
6.546611057794343 0.00011138228058200578
6.57799749385338 0.00011221141165922419
6.609534405992302 0.00010742317325780363
6.641222515639004 9.114135005305261e-05
6.6730625476801295 0.00011017555350381739
6.7050552304776465 0.0001005601821611893
6.737201295885512 0.00010641002123743705
6.769501479266411 7.872270762537072e-05
6.801956519508584 7.672208889609418e-05
6.83456715904272 8.448814348247705e-05
6.867334143858949 9.529148810636458e-05
6.900258223523903 9.974707152420506e-05
6.933340151197861 8.946140563476902e-05
6.966580683651985 9.070512451964474e-05
6.999980581285625 9.054013454033614e-05
7.0335406081437135 8.751063014769114e-05
7.067261531934249 7.040585324492098e-05
7.101144124045853 7.26484948313381e-05
7.135189159565416 8.314431887195178e-05
7.169397417295838 8.285855057771416e-05
7.203769679773824 7.8989870803765e-05
7.238306733287806 7.663313170944284e-05
7.2730093678959165 7.801268118853751e-05
7.307878377444066 7.903328594260781e-05
7.342914559584106 7.408389158518765e-05
7.37811871579207 6.868350616651513e-05
7.413491651386511 6.092145677541317e-05
7.449034175546921 6.77635373327303e-05
7.484747101332247 7.083602047295423e-05
7.520631245699485 6.0065303562349975e-05
7.556687429522369 5.290744454823201e-05
7.592916477610153 6.706707995078112e-05
7.629319218726471 6.195353217346448e-05
7.665896485608313 6.442096613876172e-05
7.702649114985049 6.125477524734675e-05
7.73957794759759 6.313971889663331e-05
7.77668382821761 6.351295188877997e-05
7.813967605666878 6.002654555478467e-05
7.8514301328366685 5.384593750304545e-05
7.8890722667072755 5.763407098479663e-05
7.926894868367619 5.529764032270966e-05
7.964898803034935 5.7114837797846115e-05
8.003084940074578 5.257071262376068e-05
8.041454153019895 4.6953657643034847e-05
8.080007319592234 4.813745890504234e-05
8.118745321720986 4.544913539653455e-05
8.15766904556379 4.42233518360141e-05
8.196779381526783 4.535292980996161e-05
8.23607722428499 4.811186365100743e-05
8.275563472802775 4.4308933050492876e-05
8.315239030354402 4.7445094745947176e-05
8.355104804544718 4.196644347325547e-05
8.395161707329892 4.2512295286468036e-05
8.435410655038293 3.919883896599431e-05
8.47585256839144 3.9204612741201656e-05
8.516488372525082 3.697026258091721e-05
8.557318997010336 3.8543254722245046e-05
8.598345375874969 3.554931716243847e-05
8.639568447624761 3.928788396593352e-05
8.680989155264971 3.949407850025677e-05
8.722608446321914 3.346921965701603e-05
8.764427272864628 3.075500808863233e-05
8.806446591526663 3.2496007559759834e-05
8.84866736352796 3.6193579238211e-05
8.891090554696834 3.125868261785685e-05
8.933717135492076 3.5663000961110064e-05
8.97654808102516 3.473750876837903e-05
9.019584371082525 3.526382297540816e-05
9.06282699014801 3.416877792118171e-05
9.106276927425366 2.728951014703517e-05
9.14993517686089 3.0125222024811832e-05
9.193802737166154 3.106466695134723e-05
9.237880611840858 2.9309024590334228e-05
9.282169809195782 2.8102724245985412e-05
9.326671342375855 2.9716841095398714e-05
9.37138622938333 2.7417799632824774e-05
9.416315493101063 2.9344628074002192e-05
9.461460161315939 2.8277452513658754e-05
9.506821266742346 2.8939714434386612e-05
9.552399847045825 2.6821154193075835e-05
9.5981969448668 2.552638420250231e-05
9.644213607844426 2.587872166483077e-05
9.690450888640562 2.596064426371125e-05
9.736909844963844 2.5807693108222616e-05
9.783591539593884 2.2212662770535922e-05
9.830497040405579 2.1777655766886297e-05
9.877627420393544 2.2607518990395123e-05
9.924983757696651 2.1246486532348612e-05
9.972567135622711 2.2698601590295803e-05
10.020378642673224 2.314177057218155e-05
10.068419372568302 2.006509691163587e-05
10.116690424271683 2.0146717410172853e-05
10.165192902015866 1.9735538659742865e-05
10.213927915327382 1.839998845375525e-05
10.262896579052162 1.981780525187251e-05
10.31210001338105 1.7757374871084627e-05
10.361539343875423 1.8701342501665978e-05
10.411215701492937 1.750466181768338e-05
10.461130222613402 1.866400355960047e-05
10.511284049064788 1.823844582379585e-05
10.56167832814932 1.816157577723638e-05
10.612314212669743 1.5085282367498468e-05
10.663192860955688 1.8168639529889054e-05
10.714315436890168 1.6597471032703748e-05
10.765683109936202 1.623904384637422e-05
10.817297055163571 1.6604295896616524e-05
10.869158453275698 1.6311524284895937e-05
10.921268490636654 1.5164507296297464e-05
10.973628359298297 1.5319817321952936e-05
11.026239257027544 1.5557529792791306e-05
11.079102387333766 1.484620966203896e-05
11.132218959496333 1.4087298664708895e-05
11.18559018859226 1.3127467527793357e-05
11.239217295524002 1.483138699258559e-05
11.293101507047401 1.2991454572662979e-05
11.347244055799733 1.3898708528400091e-05
11.401646180327912 1.3922532305216329e-05
11.456309125116817 1.3217327178340695e-05
11.511234140617772 1.3748035655625778e-05
11.566422483277135 1.1107623354862554e-05
11.621875415565054 1.262649597948378e-05
11.677594206004335 1.296451056013645e-05
11.73358012919948 1.1581767464052782e-05
11.789834465865818 1.1260948949962762e-05
11.846358502858818 1.176734125417183e-05
11.903153533203527 1.056928931652264e-05
11.960220856124144 1.147222989976883e-05
12.01756177707374 1.0115129279485806e-05
12.075177607764124 1.124184919382202e-05
12.133069666195853 1.0183624811183846e-05
12.191239276688373 9.768215657114591e-06
12.249687769910324 9.372440602087055e-06
12.308416482909958 9.566772903629268e-06
12.367426759145774 9.232787036278106e-06
12.426719948517185 9.968710624282168e-06
12.48629740739545 9.189035854416525e-06
12.54616049865467 8.86054529273926e-06
12.606310591702988 9.624243286739598e-06
12.666749062513896 8.243265746536473e-06
12.727477293657726 8.752970797964495e-06
12.788496674333269 8.305660714529211e-06
12.849808600399552 8.518649419900408e-06
12.911414474407778 8.066850815249238e-06
12.973315705633395 8.406191851005404e-06
13.035513710108367 7.414596255159967e-06
13.098009910653523 7.216214831851934e-06
13.160805736911131 6.682619601698246e-06
13.223902625377601 7.319180405928334e-06
13.287302019436336 7.5046856228991476e-06
13.35100536939076 7.231701692180913e-06
13.415014132497493 7.004126602825832e-06
13.479329772999682 6.604077943497145e-06
13.543953762160495 6.935302367010928e-06
13.608887578296788 6.178733940949144e-06
13.674132706812903 6.746287445562627e-06
13.739690640234688 6.369631939741591e-06
13.805562878243586 6.614034917292664e-06
13.871750927710973 6.441776319116596e-06
13.93825630273263 5.9820617315796865e-06
14.00508052466336 5.836159183572176e-06
14.07222512215181 5.762515511610524e-06
14.139691631175433 5.252177118374601e-06
14.207481595075617 5.2442655108711585e-06
14.275596564592998 5.56145320601595e-06
14.344038097902937 5.347991770340787e-06
14.412807760651145 5.060707443934282e-06
14.48190712598954 5.600762845706399e-06
14.55133777461218 5.275178374374763e-06
14.621101294791464 4.829630609159761e-06
14.691199282414441 4.445300610448887e-06
14.761633341019332 4.492404788937303e-06
14.832405081832201 4.685666939472768e-06
14.903516123803822 4.536731888472937e-06
14.97496809364671 4.217929413028175e-06
15.046762625872327 4.72531533709731e-06
15.118901362828483 4.620314457007492e-06
15.19138595473689 4.517185583328981e-06
15.264218059730949 4.372925814634964e-06
15.337399343893628 3.6695245606160906e-06
15.41093148129561 4.1734031963253825e-06
15.484816154033581 3.995635029369873e-06
15.55905505226871 3.896949811635983e-06
15.633649874265304 3.885944111373861e-06
15.70860232642967 3.6613537564674417e-06
15.78391412334914 3.7816565900718077e-06
15.859586987831298 3.21372837603439e-06
15.935622650943388 3.235174117006476e-06
16.01202285205191 3.233680397875132e-06
16.088789338862437 3.0559406534080465e-06
16.16592386745954 3.1300661941066002e-06
16.243428202347012 3.5558280818563944e-06
16.321304116488204 3.3751738043514583e-06
16.39955339134659 2.9806480296414804e-06
16.47817781692652 2.714267420725616e-06
16.55717919181417 2.9300490150462496e-06
16.63655932321868 2.892617401802051e-06
16.7163200270135 3.1089899937216194e-06
16.796463127777923 2.718444752581396e-06
16.876990458838833 2.8307869936904367e-06
16.957903862312623 2.9864894676191427e-06
17.03920518914739 2.9531922260574033e-06
17.12089629916519 2.5824113121655204e-06
17.202979061104653 2.7858432230922345e-06
17.285455352663703 2.664314032369484e-06
17.36832706054252 2.6131127252670664e-06
17.45159608048669 2.5994217526448675e-06
17.535264317330583 2.252492829371925e-06
17.619333685040917 2.561321128344261e-06
17.70380610676055 2.346446988038981e-06
17.78868351485247 2.3849539820189284e-06
17.87396785094398 2.408481553864841e-06
17.959661065971176 2.262518266492229e-06
18.04576512022349 2.1197115561445383e-06
18.13228198338859 2.305434232230306e-06
18.21921363459743 2.02814933524238e-06
18.306562062469503 1.9896429092767054e-06
18.39432926515836 1.9569284887459847e-06
18.482517250397294 2.0931761327383514e-06
18.571128035545286 1.9399569861935624e-06
18.660163647633148 1.901577179608914e-06
18.749626123409886 1.863020837540636e-06
18.839517509389292 1.944138178771053e-06
18.92983986189679 1.8216247053984608e-06
19.020595247116432 1.842927363170302e-06
19.111785741138178 1.8678641588873879e-06
19.203413430005398 1.506449643365582e-06
19.295480409762593 1.7397244401986324e-06
19.38798878650332 1.7553055502208145e-06
19.480940676418403 1.7031314283205341e-06
19.574338205844317 1.6848418603503184e-06
19.668183511311835 1.6186225907646933e-06
19.76247873959491 1.589428765628993e-06
19.857226047759777 1.6205595738912186e-06
19.952427603214318 1.338063250179658e-06
20.048085583757594 1.3727457175659117e-06
20.144202177629715 1.3714933710688002e-06
20.24077958356187 1.3305579994836143e-06
20.337820010826633 1.3531700195519464e-06
20.435325679288496 1.3077965859443411e-06
20.53329881945466 1.389534215608527e-06
20.631741672526047 1.3971996639218676e-06
20.730656490448578 1.3645128958821608e-06
20.830045535964686 1.1935510335565903e-06
20.92991108266506 1.1390642309825623e-06
21.030255415040717 1.2409916169973611e-06
21.131080828535165 1.212304586818021e-06
21.232389629596987 1.2163436686311409e-06
21.334184135732578 1.0377669124502445e-06
21.436466675559153 1.0625014052166498e-06
21.539239588858027 1.1363043871108728e-06
21.642505226628145 1.1386389287830629e-06
21.746265951139836 1.0798107561586576e-06
21.85052413598888 1.0773215225349477e-06
21.955282166150788 9.816253096565338e-07
22.060542438035363 1.0360861031383042e-06
22.166307359541545 1.0492064178483718e-06
22.272579350112444 9.030523493948182e-07
22.379360840790724 9.787755415449191e-07
22.4866542742742 8.887667203199554e-07
22.594462104971726 9.476969996448303e-07
22.70278679905933 9.339502427796447e-07
22.811630834536633 9.234040032326201e-07
22.920996701283542 8.958437502465195e-07
23.030886901117206 8.999583427042756e-07
23.141303947849234 8.792707594117903e-07
23.2522503673432 8.180404208628063e-07
23.363728697572473 8.405790966774116e-07
23.47574148867819 7.129273581138567e-07
23.58829130302766 8.040744695967099e-07
23.70138071527295 6.96164132831194e-07
23.815012312409788 7.642522280946124e-07
23.92918869383675 7.455232144291468e-07
24.043912471414707 7.330317106048921e-07
24.15918626952659 7.405292993713676e-07
24.275012725137408 6.778858014715647e-07
24.39139448785459 6.35890481615277e-07
24.508334219988576 6.905521123812757e-07
24.625834596613718 6.25998615858681e-07
24.743898305629525 6.733624091407679e-07
24.86252804782207 6.520791851401121e-07
24.98172653692583 6.350442347551995e-07
25.10149649968574 6.223170542934918e-07
25.221840675919577 5.973604058465402e-07
25.342761818580637 5.588247502898879e-07
25.46426269382071 5.603797136742723e-07
25.58634608105335 5.595504283738336e-07
25.709014773017465 5.767418211273856e-07
25.832271575841194 5.662388551993338e-07
25.9561193091061 5.533674640914389e-07
26.080560805911706 5.286759563683399e-07
26.205598912940236 5.281796089248741e-07
26.33123649052178 5.101195909437173e-07
26.45747641269972 5.137085526052906e-07
26.584321567296474 5.021067198600796e-07
26.711774855979552 4.417276035940739e-07
26.83983919432794 4.911556999698576e-07
26.968517511898785 4.771439429762202e-07
27.09781275229443 4.644320989004011e-07
27.22772787322973 3.909745973528612e-07
27.358265846599707 4.4753683313497284e-07
27.489429658547593 4.09971270088646e-07
27.621222309533056 4.1311817118230464e-07
27.753646814400888 4.035728304400816e-07
27.886706202449954 4.0390645196321576e-07
28.020403517502498 3.8771993666964536e-07
28.15474181797378 3.434060565628217e-07
28.289724176942013 3.9170954059454357e-07
28.425353682218685 3.6729398959060486e-07
28.561633436419193 3.765847594111771e-07
28.698566557033804 3.579659611339635e-07
28.836156176498964 3.671571387789232e-07
28.974405442269013 3.5555182596209685e-07
29.113317516888102 3.500712454497871e-07
29.252895578062578 3.108579743143676e-07
29.393142818733686 3.3381425760084227e-07
29.534062447150593 3.2911344272783885e-07
29.67565768694379 3.285467523479646e-07
29.81793177719882 3.0383433080619016e-07
29.960887972530386 3.1108226691527534e-07
30.104529543156804 3.0179592412864265e-07
30.248859774974807 2.776356405719819e-07
30.39388196963469 2.824772186031599e-07
30.539599444615913 2.6833225019150603e-07
30.686015533302882 2.7269842133268414e-07
30.833133585061283 2.48855907222645e-07
30.980956965314668 2.5404991465624675e-07
31.129489055621452 2.695856362369783e-07
31.278733253752264 2.646549556787771e-07
31.428692973767678 2.590644256042745e-07
31.579371646096302 2.512148967470633e-07
31.730772717613263 2.424724020733936e-07
31.88289965171905 2.3500683174026413e-07
32.03575592841872 2.39357614166486e-07
32.18934504440159 2.2580400286962616e-07
32.343670513121104 2.263584402713558e-07
32.498735864875286 2.258703680696894e-07
32.65454464688749 2.1567124456174294e-07
32.8111004233875 2.1867941683544363e-07
32.96840677569314 2.0741647850094023e-07
33.12646730229212 2.0715797378715242e-07
33.28528561892441 1.9735715799538778e-07
33.444865358664934 1.950863958059352e-07
33.605210172006664 1.973362314476746e-07
33.76632372694413 1.9532312978423755e-07
33.928209709057384 1.9030224462361635e-07
34.09087182159624 1.8566937304406164e-07
34.25431378556498 1.7761873305408534e-07
34.418539339807566 1.730726509785405e-07
34.583552241093074 1.6680562223597154e-07
34.749356264201666 1.7147792565371744e-07
34.91595520201097 1.6110096375863376e-07
35.08335286558279 1.6306538385039516e-07
35.251553084250325 1.572358611584812e-07
35.42055970570576 1.5653777017009907e-07
35.59037659608828 1.5123798457339873e-07
35.76100764007253 1.5486503557808876e-07
35.93245674095742 1.4954773168009378e-07
36.1047278207555 1.473188549706962e-07
36.2778248202826 1.469111586135286e-07
36.45175169924805 1.4344081909120718e-07
36.62651243634519 1.335419575762087e-07
36.80211102934244 1.263591086562534e-07
36.97855149517474 1.2843287204495731e-07
37.15583787003543 1.3083917341824588e-07
37.33397420946855 1.2888303625289148e-07
37.51296458846169 1.2202705946540113e-07
37.69281310153913 1.2384053692493352e-07
37.8735238628556 1.2257360557557945e-07
38.05510100629025 1.1561807671977232e-07
38.237548685541356 1.1528770639618624e-07
38.42087107422127 1.1064416839354443e-07
38.605072365951884 1.0840009570387733e-07
38.790156774460606 1.0319747086189726e-07
38.97612853367673 1.0544052682997986e-07
39.16299189782827 1.0634837110322379e-07
39.35075114153932 9.945343941919629e-08
39.5394105599278 1.0210663464061266e-07
39.728974468703726 1.0102289501341301e-07
39.91944720426796 1.0046892269222087e-07
40.11083312381136 9.794308743035833e-08
40.30313660541448 9.661102451155716e-08
40.49636204814771 9.316928284567027e-08
40.69051387217193 9.084848499544098e-08
40.885596518839606 8.911605356939214e-08
41.08161445079639 8.710366161471237e-08
41.2785721520832 8.743857596989026e-08
41.476474128238834 7.958214753333273e-08
41.67532490640297 8.071879620969363e-08
41.875129035419775 7.87228525215915e-08
42.075891085942 8.136408436616753e-08
42.27761565053542 7.252584119813461e-08
42.48030734378399 7.273775768741264e-08
42.683970802395386 7.610097423260147e-08
42.88861068530706 7.52870339820361e-08
43.09423167379281 7.374815127707661e-08
43.3008384715699 7.236822229984147e-08
43.508435804906604 6.931322080557383e-08
43.7170284227304 6.93380954761069e-08
43.92662109673653 6.304104397283833e-08
44.13721862149719 6.348017328225134e-08
44.34882581457125 6.501556766137536e-08
44.561447516614365 5.8766883044801656e-08
44.775088591489784 6.265740466541774e-08
44.98975392637957 6.1794475943791e-08
45.20544843189644 6.062753714956703e-08
45.42217704219607 5.950222168125421e-08
45.63994471508995 5.335946500344909e-08
45.85875643215886 5.746058358009681e-08
46.07861719886675 5.5864009268058554e-08
46.2995320446753 5.4963011073550327e-08
46.52150602315893 4.94579954571026e-08
46.74454421212047 5.185468628351824e-08
46.96865171370725 5.22814357372793e-08
47.19383365452783 4.9935021402849174e-08
47.42009518576928 5.0186262502854385e-08
47.64744148331505 4.828541688550566e-08
47.875877747863306 4.7424314369991465e-08
48.10540920504598 4.736156777080182e-08
48.33604110554822 4.6095531618019025e-08
48.56777872522858 4.27131660686184e-08
48.80062736523967 4.4673646056697116e-08
49.034592352149396 4.218999545039745e-08
49.26967903806294 4.321055980067794e-08
49.505892800744995 4.218710029170732e-08
49.74323904374293 4.1577097833413184e-08
49.98172319651036 3.942065400276982e-08
50.221350714531326 3.9997249025426196e-08
50.46212707944513 3.9291850786022e-08
50.70405779917171 3.8578877464785985e-08
50.94714840803762 3.7822467955300466e-08
51.191404466902675 3.6823532020442746e-08
51.436831563287136 3.625037182384883e-08
51.683435311499494 3.4448417109725617e-08
51.931221352765 3.467119961441727e-08
52.180195355354606 3.434724404551878e-08
52.43036301471465 3.3592211470777575e-08
52.68173005359721 3.29170273962683e-08
52.93430222219094 3.088045060956515e-08
53.18808529825265 3.1515344652667035e-08
53.443085087239474 3.106539088389572e-08
53.69930742244165 3.045838811258176e-08
53.95675816511598 3.003649805728618e-08
54.21544320461992 2.8841719740991395e-08
54.47536845854628 2.8910214112429364e-08
54.736539872858565 2.8166356896735815e-08
54.998963422027124 2.7511998828049924e-08
55.262645109165646 2.721583381099561e-08
55.52759096616858 2.614151603052727e-08
55.79380705384912 2.606652809017045e-08
56.06129946207781 2.5754103043457637e-08
56.33007430992191 2.5179515867503512e-08
56.60013774578532 2.4744291797767423e-08
56.87149594754925 2.424171980839548e-08
57.14415512271354 2.3324803487512058e-08
57.4181215085387 2.3262155933034783e-08
57.69340137218847 2.2840569135463846e-08
57.970001010873396 2.250241937174992e-08
58.247926751994676 2.193362743885834e-08
58.52718495328899 2.121467992309587e-08
58.80778200297394 2.112607722811675e-08
59.08972431989419 2.0822085992471912e-08
59.37301835366828 2.041936232864083e-08
59.657670584836175 1.893961042985141e-08
59.94368752500752 1.964982495907039e-08
60.23107571701057 1.917030094446368e-08
60.519841735041894 1.8894854651235327e-08
60.80999218481672 1.8559234958762254e-08
61.101533703720165 1.814720965577385e-08
61.394472960958886 1.7875292171087037e-08
61.688816657713765 1.6729031143855566e-08
61.984571527293184 1.7192883993556402e-08
62.28174433528704 1.6888661787895937e-08
62.5803418797215 1.644785027013949e-08
62.88037099121457 1.6237892354769048e-08
63.18183853313226 1.5928810300201707e-08
63.48475140174566 1.5590914433048846e-08
63.789116526388675 1.5329950347637435e-08
64.0949408696165 1.5004028405243636e-08
64.402231427365 1.4686730297327705e-08
64.71099522911061 1.4443421341167685e-08
65.02123933803122 1.4175680330836098e-08
65.33297085116776 1.3640836688840409e-08
65.64619689958649 1.359460968021896e-08
65.96092464854217 1.3322424351458214e-08
66.27716129764197 1.2819560957330417e-08
66.59491408101016 1.2872554563029294e-08
66.91419026745358 1.2613675858283969e-08
67.23499716062791 1.2082209140913686e-08
67.55734209920482 1.2158784249547372e-08
67.88123245703977 1.1897006676611704e-08
68.20667564334073 1.1624087678677943e-08
68.53367910283762 1.1443962394229958e-08
68.86225031595268 1.0849441128885779e-08
69.19239679897156 1.0846076110391805e-08
69.52412610421521 1.0507851558673113e-08
69.85744582021279 1.0611468219674643e-08
70.19236357187506 1.0421081756785518e-08
70.528887020669 1.0214188966079555e-08
70.86702386479294 1.001924342618632e-08
71.20678183935267 9.600511641356871e-09
71.54816871653853 9.601794763643956e-09
71.89119230580299 8.951078503019572e-09
72.23586045403943 9.286278750891527e-09
72.58218104576163 9.120144167226725e-09
72.9301620032841 8.832517948757665e-09
73.27981128690331 8.733953425504073e-09
73.63113689507985 8.52408396540645e-09
73.98414686462132 8.4427359504112e-09
74.3388492708662 7.6269200381271e-09
74.69525222786862 8.102505037063765e-09
75.05336388858387 7.960312931107993e-09
75.41319244505516 7.818601444221923e-09
75.77474612860055 7.596498897051603e-09
76.13803321000184 7.510346114930726e-09
76.50306199969316 7.373266298811414e-09
76.86984084795169 7.239035886485176e-09
77.23837814508805 7.097506834944854e-09
77.60868232163878 6.962073746410664e-09
77.98076184855898 6.831273595961573e-09
78.35462523741583 6.701583741724235e-09
78.73028104058386 6.5679556439135906e-09
79.10773785143994 6.376656242996151e-09
79.48700430456054 6.325447296362396e-09
79.86808907591856 6.186538251569021e-09
80.25100088308247 6.083841681987024e-09
80.63574848541508 5.96729319357113e-09
81.02234068427455 5.855809158395306e-09
81.41078632321515 5.7341766131466225e-09
81.80109428818997 5.623261879988929e-09
82.19327350775416 5.525127120293568e-09
82.58733295326873 5.4119828534563984e-09
82.9832816391065 5.315706656520275e-09
83.38112862285755 5.2122843178740845e-09
83.78088300553716 5.117502695468545e-09
84.1825539317933 5.019042840133305e-09
84.58615059011645 4.7614698948095455e-09
84.99168221304917 4.821374811800009e-09
85.399158077398 4.73650328068248e-09
85.80858750444493 4.6372489116965915e-09
86.21997986016123 4.556631145492009e-09
86.63334455542154 4.470258662138876e-09
87.04869104621876 4.384119237499673e-09
87.46602883388108 4.301946206609245e-09
87.88536746528854 4.150219013253497e-09
88.3067165330922 4.1288501603622515e-09
88.73008567593281 4.0572713328847505e-09
89.1554845786621 3.983384288223561e-09
89.58292297256347 3.893971952581114e-09
90.01241063557545 3.71032892951418e-09
90.4439573925146 3.757154334893815e-09
90.87757311530092 3.6878791708053713e-09
91.31326772318333 3.617595977678492e-09
91.7510511829664 3.5481354049993596e-09
92.19093350923895 3.473491561926665e-09
92.63292476460238 3.3929018157371102e-09
93.07703505990162 3.3488284271450702e-09
93.52327455445568 3.285120374178941e-09
93.97165345629085 3.221179605608534e-09
94.42218202237332 3.1606217625111373e-09
94.87487055884475 2.976157222651985e-09
95.3297294212571 3.024155168447344e-09
95.78676901481035 2.9835291582212605e-09
96.2459997945901 2.9261472647669427e-09
96.70743226580653 2.8235927071197443e-09
97.1710769840354 2.815263868933629e-09
97.63694455545861 2.7619581272746314e-09
98.10504563710784 2.7092216116070293e-09
98.57539093710726 2.653626999743389e-09
99.04799121491956 2.588069783007517e-09
99.52285728159107 2.5173430460889747e-09
100.0 2.5076059812845044e-09
