 Wavelength    Flux  
0.2 4.068171912971402e-09
0.2002583221197802 2.41435358746263e-09
0.2005169778911482 3.251785502932148e-09
0.20077596774505196 3.901646505923439e-09
0.20103529211299606 4.319411828446445e-09
0.20129495142704232 4.0291111118743794e-09
0.20155494611981073 4.200491625142718e-09
0.20181527662447996 4.403075655908889e-09
0.20207594337478824 3.176879731636467e-09
0.202336946805034 3.4144702469229487e-09
0.20259828735007662 4.7207877468290584e-09
0.20285996544533713 3.665111638318019e-09
0.203121981526799 5.109138965755535e-09
0.20338433603100875 5.180787441862063e-09
0.2036470293950768 4.289994032684085e-09
0.20391006205667817 4.930036614695014e-09
0.2041734344540531 6.085058248058513e-09
0.20443714702600793 5.510328464000553e-09
0.20470120021191576 6.247494178677632e-09
0.2049655944517172 6.480853844154321e-09
0.20523033018592104 6.65276666338277e-09
0.2054954078556051 6.8238671015926215e-09
0.20576082790241687 7.624039150370755e-09
0.20602659076857424 7.56234126400991e-09
0.20629269689686633 5.630390523037328e-09
0.20655914673065415 5.002344233657537e-09
0.2068259407138714 7.302315780205708e-09
0.20709307929102505 7.769594490484519e-09
0.20736056290719634 8.825356063799963e-09
0.20762839200804134 1.0726383987062051e-08
0.20789656703979165 6.425344833698078e-09
0.20816508844925535 7.86696339106806e-09
0.20843395668381753 7.458866523660197e-09
0.2087031721914412 1.644364893321775e-08
0.20897273542066788 1.3550226696796083e-08
0.20924264682061852 1.3214653046691778e-08
0.2095129068409941 7.047857426141736e-09
0.20978351593207645 1.2731051613751476e-08
0.210054474544729 6.249151530300094e-09
0.21032578313039751 2.005328578428034e-08
0.21059744214111087 8.534314350725974e-09
0.21086945202948174 1.8454533157714255e-08
0.21114181324870743 2.4605437825903497e-08
0.2114145262525706 1.7351487903868293e-08
0.21168759149544 1.58510236076602e-08
0.2119610094322713 2.901200053320645e-08
0.21223478051860775 1.236082533392271e-08
0.212508905210581 8.657820376602911e-09
0.21278338396491178 1.2378393244589156e-08
0.21305821723891086 2.179579685785223e-08
0.21333340549047955 1.6165903201233362e-08
0.21360894917811066 1.0361333306454753e-08
0.21388484876088917 1.5051829497526384e-08
0.21416110469849303 1.253465716656505e-08
0.21443771745119392 3.864705406654203e-08
0.214714687479858 2.3648134925475964e-08
0.21499201524594666 1.667129580552199e-08
0.21526970121151737 7.81615649778666e-09
0.2155477458392244 2.1409388288342057e-08
0.21582614959231952 3.8451964966522245e-08
0.21610491293465292 3.070669088229416e-08
0.21638403633067385 1.7981367572053602e-08
0.21666352024543148 4.1196274085370805e-08
0.21694336514457566 1.8578025805371113e-08
0.21722357149435761 1.503595270302302e-08
0.2175041397616308 2.0761690855406303e-08
0.21778507041385176 1.2611122525031426e-08
0.21806636391908063 2.4667900054961464e-08
0.21834802074598228 1.5950305888045573e-08
0.21863004136382683 1.2103942457107532e-08
0.21891242624249047 1.6976495057952123e-08
0.21919517585245638 4.415304174392519e-08
0.21947829066481533 2.295460250705761e-08
0.21976177115126666 3.029467306896522e-08
0.22004561778411885 4.300455109003149e-08
0.2203298310362905 6.968584465717112e-08
0.220614411381311 1.1133767436554292e-08
0.22089935929332136 1.0568039248501871e-08
0.22118467524707502 5.2303162702578764e-08
0.2214703597179386 3.459114199090853e-08
0.22175641318189265 1.3403356685886521e-08
0.22204283611553263 3.823892272592314e-08
0.22232962899606945 4.0261711677891615e-08
0.22261679230133047 1.974170900251027e-08
0.22290432650976016 4.374905933401229e-08
0.22319223210042102 1.494801781734579e-08
0.22348050955299428 4.1481781428920385e-08
0.2237691593477807 3.491727041615119e-08
0.2240581819657014 5.4228175527138375e-08
0.22434757788829876 3.412710283858301e-08
0.224637347597737 5.907138928216502e-08
0.22492749157680322 1.0317994468251514e-07
0.225218010308908 3.350373985837624e-08
0.22550890427808634 1.0637364420582407e-07
0.22580017396899843 6.4020366000502174e-09
0.22609181986693044 1.065087773562087e-08
0.22638384245779536 7.627805989651032e-08
0.22667624222813373 2.5272777334282018e-08
0.2269690196651146 7.336483583429967e-08
0.2272621752565362 2.610386191447422e-08
0.2275557094908268 1.681252118354156e-07
0.22784962285704555 3.765172955951496e-08
0.22814391584488328 9.052591358484008e-08
0.22843858894466326 5.961948946219438e-08
0.22873364264734214 7.222961536705791e-08
0.22902907744451065 1.3777811021139195e-07
0.22932489382839447 2.300297045828192e-08
0.229621092291855 1.682871829219109e-07
0.22991767332839036 1.5094806671023764e-07
0.23021463743213594 4.346997930210895e-08
0.2305119850978654 5.913405553109531e-08
0.23080971682099147 1.5217058753792317e-08
0.23110783309756677 2.281787513628963e-07
0.2314063344242846 4.3357803757726317e-08
0.23170522129847979 1.0157414551172449e-07
0.23200449421812958 2.8249202111637487e-07
0.23230415368185434 9.312219915761335e-08
0.2326042001889185 6.642184835001912e-08
0.23290463423923136 1.690609732456904e-07
0.23320545633334788 3.405576606277718e-07
0.23350666697246955 1.962715919617723e-07
0.2338082666584452 1.1909491491501544e-07
0.23411025589377188 3.6627041039777823e-07
0.23441263518159566 2.0000009984593247e-07
0.23471540502571248 1.1573773175292427e-07
0.235018565930569 4.816938346946827e-08
0.23532211840126338 3.092079010246499e-08
0.23562606294354627 1.8758006685375875e-07
0.23593040006382143 2.06516968560864e-07
0.23623513026914678 1.782522433162279e-07
0.2365402540672351 2.7401342980518767e-07
0.23684577196645507 9.663581792202106e-08
0.2371516844758318 1.8712904250941528e-07
0.23745799210504795 1.9693531989985332e-07
0.23776469536444456 1.0230869697083879e-07
0.2380717947650217 1.9042417231631286e-07
0.23837929081843953 4.3371617030551814e-07
0.2386871840370191 1.0199784504099538e-07
0.2389954749337431 1.6481532683695463e-07
0.23930416402225688 9.040412292457254e-08
0.23961325181686913 1.3036875010630103e-07
0.23992273883255288 1.910983305494055e-07
0.24023262558494632 5.411718564405683e-07
0.24054291259035362 1.4827710364898725e-07
0.2408536003657458 2.38571266716501e-07
0.24116468942876162 1.8375281483175062e-07
0.24147618029770843 8.69118439525158e-08
0.24178807349156306 1.6606006376895042e-07
0.24210036952997258 2.41282638910182e-07
0.2424130689332553 4.6695892588826647e-07
0.24272617222240156 8.215346325838156e-07
0.24303967991907466 3.786162359882505e-07
0.2433535925456116 1.9987701212071334e-07
0.2436679106250241 5.515183396883702e-07
0.2439826346809994 3.4930916158355855e-07
0.24429776523790114 5.324178669460559e-07
0.24461330282077018 3.913546293447796e-07
0.24492924795532564 4.6280275328338347e-07
0.24524560116796554 9.941239836929316e-07
0.2455623629857679 8.977696469435826e-07
0.24587953393649145 3.503733281291946e-07
0.24619711454857662 6.288799102470333e-07
0.24651510535114637 3.058253522801258e-07
0.24683350687400707 3.348475991577226e-07
0.2471523196476494 2.0443269589602777e-06
0.24747154420324924 5.561278746573961e-07
0.2477911810726685 5.760870471584445e-07
0.24811123078845612 8.562133513739494e-07
0.2484316938838488 1.5393127406185182e-07
0.24875257089277208 4.1436569099272315e-07
0.24907386234984102 1.394041467379597e-07
0.24939556879036126 3.2599197441552465e-07
0.2497176907503298 4.882247632088578e-07
0.25004022876643595 8.843917134883017e-07
0.2503631833760623 7.149205617629044e-07
0.2506865551172853 9.074154484763692e-07
0.25101034452887677 3.3735438938830354e-07
0.25133455215030404 1.0980338677395615e-06
0.25165917852173136 4.411487980916118e-07
0.25198422418402067 2.618693488699026e-07
0.2523096896787326 2.948202758310019e-07
0.252635575548127 8.809695490018843e-07
0.25296188233516437 8.419922738416211e-07
0.2532886105835064 7.518916394528684e-07
0.2536157608375169 1.0920493346167782e-06
0.25394333364226296 7.58160384769506e-07
0.2542713295435155 9.457373723690426e-07
0.2545997490877505 6.005124263058304e-07
0.25492859282214975 6.686223238528455e-07
0.2552578612946017 4.534421308378751e-06
0.25558755505370256 9.001211873148166e-07
0.2559176746487571 1.2901625955472226e-06
0.2562482206297795 1.7156321726045951e-06
0.25657919354749437 4.945722393985102e-07
0.25691059395333776 9.122952888787388e-07
0.2572424223994578 7.845221809916922e-07
0.25757467943871587 1.0914803640915583e-06
0.2579073656246874 9.794349174965157e-07
0.25824048151166284 1.2776105818740916e-06
0.25857402765464854 1.8311248151793684e-06
0.2589080046093678 8.312765483381676e-07
0.2592424129322615 8.392016214557487e-07
0.25957725318048946 1.0373027078476597e-05
0.2599125259119309 6.79001811215668e-07
0.26024823168518585 7.102134538718102e-07
0.26058437105957566 1.8462673630976162e-06
0.26092094459514414 3.6894240950731723e-06
0.2612579528526584 9.186083736171695e-07
0.26159539639361007 1.842198683235111e-06
0.2619332757802157 6.488180763064427e-06
0.26227159157541824 2.3107342580479223e-06
0.26261034434288766 3.4098471700129064e-06
0.2629495346470219 1.1431280264263231e-05
0.2632891630529481 6.599879832566627e-06
0.26362923012652295 2.5771560116278067e-06
0.26396973643433447 1.609306852302658e-05
0.2643106825437021 9.412240185002118e-06
0.2646520690226783 2.843066898882813e-06
0.264993896440049 2.2765328239422926e-05
0.265336165365335 2.6851244559087577e-06
0.26567887636879256 5.298380592671207e-06
0.26602203002141456 2.918993524227843e-06
0.2663656268949313 2.920476862097034e-06
0.2667096675618117 2.3716612026988888e-06
0.2670541525952639 9.74015079901109e-07
0.2673990825692364 1.154525099000873e-06
0.2677444580584192 6.596522027929351e-06
0.2680902796382444 1.0180355554681078e-06
0.2684365478848874 4.339072074584329e-06
0.2687832633752679 1.8956151938882215e-06
0.26913042668705056 1.4043463432127087e-06
0.26947803839864626 2.8687127786180153e-06
0.26982609908921296 2.2203018473633824e-06
0.27017460933865667 5.505557158093403e-06
0.27052356972763236 7.421860995798669e-06
0.2708729808375451 8.705763296763732e-06
0.2712228432505507 1.3031988320174883e-05
0.27157315754955713 9.040211714497311e-06
0.2719239243182251 8.336811359317921e-07
0.2722751441409692 3.2004466658288396e-06
0.2726268176029589 1.2709261058541027e-05
0.2729789452901195 2.213922898382842e-06
0.27333152778913306 2.087832235050487e-06
0.2736845656874392 7.3540715485191475e-06
0.2740380595732367 1.2229806887684605e-05
0.2743920100354837 1.0278835188107511e-05
0.27474641766389923 9.001276537468845e-06
0.275101283048964 1.7159542203648898e-06
0.27545660678192124 3.20120298423512e-06
0.27581238945477804 5.109269442773146e-06
0.276168631660306 4.2723994172904845e-05
0.2765253339920424 2.1001722213991686e-05
0.2768824970442911 1.2484009184849808e-05
0.2772401214121236 1.6547878332901493e-05
0.2775982076913801 1.2786162293213847e-05
0.27795675647867013 7.322847656306017e-06
0.2783157683713741 4.0957357693801646e-06
0.2786752439676438 8.306055900671986e-06
0.2790351838664037 3.705534783028179e-05
0.27939558866735176 3.626050501212605e-06
0.2797564589709607 2.2802930158110728e-05
0.28011779537847853 1.8830246999404146e-05
0.2804795984919301 1.2339625449335288e-05
0.2808418689141177 5.136925760465926e-06
0.28120460724862234 3.832010159513808e-05
0.2815678140998044 1.3548798277283771e-05
0.28193149007280505 9.965896165280615e-06
0.282295635773547 7.588035561355931e-06
0.28266025180873555 9.809507823652989e-06
0.28302533878585967 2.120829776765863e-05
0.283390897313193 5.150313077218026e-06
0.28375692799979474 1.5930509329600907e-05
0.28412343145551083 3.5752041797057268e-06
0.2844904082909748 8.367605112781691e-06
0.2848578591176091 5.123483971522228e-06
0.2852257845476256 2.384673797477963e-06
0.28559418519402713 4.94587049176083e-06
0.28596306167060814 9.228627153407791e-06
0.2863324145919561 7.815694390232054e-06
0.2867022445734519 1.5916580018617362e-05
0.28707255223127165 2.1602681115248093e-05
0.28744333818238704 2.0343853247853677e-05
0.28781460304456685 4.4064623902628456e-06
0.28818634743637767 1.8756259630520338e-05
0.288558571977185 1.0364045283524278e-05
0.2889312772871544 3.9219364609466315e-05
0.28930446398725246 6.670402263073317e-05
0.28967813269924775 2.2406035209785844e-05
0.2900522840457119 3.944658185805742e-05
0.29042691865002074 6.326357707618963e-05
0.2908020371363552 7.248996819941103e-05
0.2911776401297025 1.1003300237966319e-05
0.2915537282558569 0.00012770565287598508
0.29193030214142124 9.679932507597541e-05
0.29230736241380745 5.0130129439430714e-05
0.29268490970123784 0.0001419868926080025
0.2930629446327463 2.186274868882519e-05
0.29344146783817904 1.625853264598728e-05
0.2938204799481959 1.4128387505075253e-05
0.2941999815942711 3.3203975216529385e-05
0.2945799734086947 1.6350643091195348e-05
0.29496045602457327 1.9413154510535783e-05
0.29534143007583125 9.959338606991462e-05
0.2957228961972117 3.646696383762148e-05
0.2961048550242777 6.0684862331821764e-05
0.29648730719341304 7.769762729677012e-05
0.2968702533418236 3.116592409895973e-05
0.29725369410753827 4.860675042867022e-05
0.29763763012941 1.4319808487941096e-05
0.2980220620471169 0.00013815035667707107
0.2984069905011632 1.5786430885036497e-05
0.29879241613288066 4.610190023683016e-05
0.2991783395844291 0.00010486827007558214
0.29956476149879785 1.485345785392102e-05
0.2999516825198069 4.699735348541979e-05
0.3003391032921076 5.224164721634321e-06
0.3007270244611841 7.088873897449144e-05
0.30111544667335405 9.523313821085613e-05
0.3015043705757701 2.1508873240864433e-05
0.3018937968164207 2.2202153978280608e-05
0.30228372604413123 1.8805228775685123e-05
0.3026741589085651 9.678751586612727e-07
0.30306509606022475 0.00014846754929919768
0.30345653815045304 7.239832830259962e-05
0.3038484858314339 1.4042151154654865e-05
0.30424093975619376 9.157390498417313e-05
0.3046339005786024 0.00014006652008753773
0.30502736895337423 4.854665675458984e-05
0.30542134553606926 5.1080080350035835e-05
0.30581583098309423 2.9520783729053344e-05
0.3062108259517036 0.0001503529867132146
0.306606331100001 0.00012766241338479833
0.3070023470869399 0.0003820810599175899
0.30739887457232484 7.158660816715397e-05
0.3077959142168126 0.00024180534344791333
0.30819346668191344 4.684095723510156e-05
0.3085915326299918 0.00013651774035815416
0.30899011272426774 0.0001608368789141022
0.309389207628818 9.846805474355151e-06
0.3097888180085769 5.038319619884636e-05
0.3101889445293377 5.0998202244220816e-05
0.3105895878577537 0.0003518241094008562
0.310990748661339 0.0003979843447870856
0.3113924276084701 0.0003136956027763331
0.31179462536838665 0.000579906158637319
0.3121973426111928 0.00019669105797310568
0.31260058000785806 0.0006430929532017333
0.3130043382302188 0.00014089314111500958
0.31340861795097885 0.00026012458642508403
0.3138134198437112 0.0004389049326847225
0.31421874458285864 0.0007112385864962805
0.31462459284373523 0.0006119486113938296
0.31503096530252706 0.0006352001853731302
0.31543786263629375 0.00016246498265405415
0.3158452855229694 0.0006006656826116311
0.31625323464136373 0.0005396960181270738
0.31666171067116317 0.0002579214913654491
0.31707071429293215 0.00030902128356275437
0.31748024618811393 0.0008622583537114314
0.31789030703903215 0.00010425654480239039
0.3183008975288916 0.00015261703713043406
0.3187120183417796 0.00020156573488674907
0.3191236701626669 0.00039108259690753903
0.31953585367740917 6.09979418965926e-05
0.3199485695727477 0.0005346717807693714
0.320361818536311 0.0007521815561221997
0.3207756012566157 0.00028582982266045883
0.3211899184230675 0.0004253710069933855
0.32160477072596283 0.000160679808367946
0.32202015885648955 0.0002276519119528608
0.32243608350672837 0.0004550903595668752
0.3228525453696537 0.0005411544702480866
0.32326954513913525 0.0007976958860894267
0.32368708350993886 0.00041175232781021754
0.3241051611777276 8.47427267707171e-05
0.3245237788390632 0.0004760688299980803
0.32494293719140704 2.1918103204565942e-05
0.32536263693312145 0.0006301102498553378
0.3257828787634706 0.0008368710399149236
0.3262036633826219 0.0009228135326661877
0.3266249914916472 0.00040066246390133215
0.32704686379252373 0.00021421018883879578
0.32746928098813544 0.00013528943384556592
0.3278922437822741 0.00017727215216906575
0.3283157528796407 0.0004848652211557603
0.32873980898584615 0.0004234092753840393
0.3291644128074129 0.000170056972380158
0.32958956505177595 0.001178647343656999
0.3300152664272839 0.0015926172921406937
0.33044151764320046 0.0002689418465739927
0.3308683194097053 0.00046426062514625717
0.33129567243789537 0.0013127140960547295
0.33172357743978614 0.0006880495733913195
0.3321520351283127 0.00048455234986288597
0.3325810462173309 0.0004960215094401053
0.33301061142161875 0.0006174174104035242
0.33344073145687736 0.0005308797744365646
0.3338714070397323 0.00109322511450288
0.33430263888773476 0.00015847063705160493
0.3347344277193627 0.001121833056845932
0.335166774254022 0.0006018712611535311
0.3355996792120479 0.00035778846689621933
0.3360331433147059 0.0003618506928740291
0.3364671672841931 0.001224871107860053
0.3369017518436396 0.000540768846919252
0.33733689771710906 0.00042551256132798454
0.3377726056296008 0.0008221065394228537
0.3382088763070504 0.00023546988522648362
0.33864571047633085 0.0005609110701585244
0.3390831088652544 0.0008806554179660754
0.33952107220257305 0.0006739687608345788
0.33995960121798 0.00011419147050235635
0.3403986966421113 0.001419161949566952
0.34083835920654626 0.0002988990692694952
0.3412785896438094 0.0008116982383638173
0.3417193886873713 0.0005211528765654652
0.34216075707164983 0.001050911998090939
0.3426026955320115 0.0004247297278338678
0.34304520480477263 0.0009741429120121594
0.3434882856272006 0.0001832274448355275
0.34393193873751493 0.000311819935301789
0.34437616487488887 0.0002817050510967609
0.34482096477945007 0.0003932549464697129
0.34526633919228245 0.0003446140652519987
0.3457122888554269 0.0010832043602064338
0.3461588145118828 0.00041731542804468495
0.3466059169056093 0.0003935090541167189
0.3470535967815263 0.00022859178270029452
0.347501854885516 3.584757592412756e-05
0.34795069196442385 0.0009843686881449347
0.34840010876606 5.278877895290156e-05
0.3488501060392004 0.0005400094218346505
0.3493006845335883 0.00043196944784777827
0.3497518449999352 0.0008265432506918551
0.35020358818992225 0.00034043068084810903
0.35065591485620146 0.0017287668627933228
0.35110882575239705 0.00022982750004672922
0.35156232163310647 0.00016749379880402862
0.35201640325390193 0.0011664104067334465
0.35247107137133166 0.0002504848488074394
0.3529263267429208 0.000638597693753273
0.3533821701271731 0.0014974830517786198
0.3538386022835719 0.0019656171827076665
0.35429562397258163 0.0011111894849330068
0.3547532359556488 0.0021930070919115438
0.3552114389952035 0.0011041414196967213
0.3556702338546605 0.0016147655737292887
0.35612962129842074 0.0013967697979175456
0.3565896020918723 0.00046502163289653784
0.357050177001392 7.288699826027386e-05
0.35751134679434643 0.0007878265668008037
0.35797311223909334 6.7986755696240765e-06
0.35843547410498283 0.0005478675889512982
0.3588984331623589 7.57408306773789e-05
0.3593619901825603 0.00020446945939509755
0.3598261459379222 0.0006055957903458001
0.36029090120177726 0.0008119054183409702
0.360756256748457 0.00024000591055885922
0.36122221335329313 0.0008906835594182317
0.36168877179261866 0.0007990940722431338
0.3621559328437694 0.000835926270795344
0.36262369728508526 0.001374881307096117
0.36309206589591125 0.0010028909078515613
0.36356103945659923 0.001037869914814539
0.3640306187485088 0.0021977803794207286
0.3645008045540088 0.0014338499589456979
0.36497159765647863 0.0005172233631815275
0.3654429988403095 0.0001684328760602161
0.3659150088909058 3.880821820984047e-05
0.36638762859468615 0.0010130482246063245
0.3668608587390852 0.002990660296928913
0.3673347001125544 0.0023712881101894006
0.3678091535045639 0.002006026260860184
0.3682842197056031 0.0014937426992110649
0.3687598995071828 0.001342527407234184
0.3692361937018359 0.002920693590215054
0.369713103083119 0.0023635619971248472
0.3701906284456137 0.001993556441275627
0.37066877058492775 8.326368923515265e-05
0.3711475302976968 0.0013828970349484193
0.3716269083815852 0.0011941090485918613
0.3721069056352876 5.80199314747057e-05
0.3725875228585303 0.0009086841165367666
0.37306876085207263 0.0004509641041494458
0.373550620417708 0.00022615708754853366
0.3740331023582654 0.00017962813492298184
0.37451620747761116 0.0002380798351501311
0.3749999365806494 0.0002502286172447102
0.3754842904733241 0.0007669750650003849
0.3759692699626202 0.0003688582892251659
0.3764548758565649 0.0003689094895005449
0.37694110896422917 0.0014859110489057155
0.3774279700957288 0.0027046200667543417
0.37791546006222604 0.00014316225961397697
0.3784035796759309 0.0022144561562551985
0.3788923297501024 6.414123795236758e-05
0.37938171109904983 0.002813237089553756
0.3798717245381345 0.001646614929650439
0.3803623708837707 0.00330214125649184
0.3808536509534272 0.0008892305675698545
0.38134556556562876 0.0025399068217931355
0.38183811553995717 0.0015012046122620361
0.38233130169705287 0.001009595095572999
0.38282512485861636 0.0008737608620726529
0.38331958584740927 0.0004639266201678717
0.38381468548725606 0.0014134738478173352
0.3843104246030452 0.0008126527512209783
0.3848068040207306 0.0022859696563966173
0.3853038245673329 0.0021635518678739026
0.3858014870709411 0.0004419855525188005
0.38629979236071366 0.0008188299215946837
0.3867987412668799 0.00217805986772409
0.38729833462074176 0.0017120925354132122
0.38779857325467454 0.0014267191934054103
0.3882994580021289 0.00020473135718856908
0.3888009896976319 0.0003685114993479489
0.3893031691767885 0.0009213591652840325
0.3898059972762829 0.0017318387608461182
0.39030947483388007 0.0019033983996336015
0.3908136026884269 0.0016109388735439042
0.39131838167985394 0.0021186614840976985
0.3918238126491764 0.0006103747248224741
0.39232989643849575 0.0009847934964051762
0.3928366338910014 0.0008564559700300485
0.39334402585097156 0.0006298327920946976
0.39385207316377496 0.001316555300963207
0.3943607766758724 0.0006239304192341403
0.3948701372348177 0.00107592596638964
0.3953801556892596 0.0017526292902623882
0.39589083288894295 0.0008688459767801995
0.39640216968471 0.00029202006877394676
0.396914166928502 0.0004384919031578085
0.3974268254733608 0.0014960812588176403
0.3979401461734297 0.0033196707827204555
0.39845412988395545 0.003396191353576762
0.39896877746128934 0.0033313640057530424
0.39948408976288885 0.004304276555564114
0.4000000676473189 0.0007142918186486466
0.4005167119742532 0.003972830809541839
0.40103402360447604 0.0022465273662919012
0.40155200339988345 0.005090227519822557
0.4020706522234846 0.0054789351342549655
0.4025899709394034 0.001290175465037181
0.40310996041287994 0.0011138197933714992
0.40363062151027174 0.001393720195530095
0.4041519550990553 0.0046812423494005636
0.40467396204782774 0.0005565165688798582
0.40519664322630794 0.005626271772939834
0.40571999950533805 0.005810028507253992
0.4062440317568852 0.004960320965106136
0.4067687408540426 0.003460786162481926
0.40729412767103124 0.000290908193450996
0.4078201930832012 0.004389789869944444
0.40834693796703325 0.001997806952798445
0.4088743632001402 0.006204660168905706
0.4094024696612683 0.0038651095129725917
0.40993125823029897 0.0010681746876956572
0.41046072978825 0.0050862344642788205
0.41099088521727706 0.005328103536985319
0.41152172540067533 0.004393336118546062
0.41205325122288083 0.0060907226653524596
0.41258546356947184 0.007112498556577159
0.4131183633271706 0.00266608411227064
0.41365195138384453 0.006129993528181922
0.4141862286285079 0.0056112137635594165
0.4147211959513233 0.002996093221248393
0.4152568542436028 0.00593543412466593
0.4157932043978101 0.0018801744717814534
0.41633024730756124 0.005309885155306881
0.4168679838676267 0.0010815368204471468
0.41740641497393255 0.0032163807781597567
0.41794554152356206 0.003624152987972224
0.41848536441475725 0.002904693859888852
0.41902588454692025 0.004760482943602632
0.4195671028206148 0.0027828166093074157
0.42010902013756807 0.0023465631366318593
0.4206516374006716 0.0031732933297941167
0.4211949555139833 0.00243098475023981
0.4217389753827287 0.00016700186027172317
0.4222836979133026 0.0008258753701239178
0.4228291240132705 0.0002663501210141786
0.42337525459137 0.000928314718414501
0.4239220905575125 0.0013071620489597674
0.4244696328227848 0.0028522994425951567
0.42501788229945026 0.0027924129412583115
0.4255668399009506 0.0003435520373588632
0.4261165065419074 0.001976344720220418
0.42666688313812356 0.004581167629688963
0.42721797060658473 0.0021553034719364655
0.4277697698654611 0.0021156974031468797
0.4283222818341087 0.003575247891210473
0.42887550743307107 0.0023761042862116173
0.4294294475840806 0.0033887541759298105
0.4299841032100603 0.0003660740931007931
0.4305394752351253 0.004510923350361709
0.4310955645845842 0.0035004917830970743
0.4316523721849408 0.004920586471796494
0.43220989896389556 0.006168932152195588
0.4327681458503472 0.0027645818530736854
0.43332711377439415 0.0052730034377129285
0.43388680366733623 0.0021528508145829016
0.43444721646167617 0.0064614026145818244
0.43500835309112107 0.008360273496224974
0.435570214490584 0.006471280862382933
0.4361328015961855 0.007432065062579483
0.43669611534525543 0.00642464012226373
0.4372601566763342 0.0030162032517327964
0.4378249265291744 0.006227391360239599
0.43839042584474247 0.0033086201520945466
0.4389566555652202 0.00503344823753831
0.4395236166340063 0.006246202918584452
0.440091309995718 0.00701528560095312
0.4406597365961926 0.004056430579018504
0.4412288973824891 0.00511574781029734
0.4417987933028897 0.0064097720634455025
0.44236942530690126 0.005387732314218768
0.44294079434525735 0.00537510880604986
0.4435129013699192 0.003149686495029524
0.4440857473340779 0.007069386251466175
0.4446593331921554 0.0068227613010405875
0.44523365989980657 0.006046740278745086
0.44580872841392055 0.0036236130351414244
0.4463845396926225 0.006830892819443968
0.44696109469527495 0.006331041470323037
0.44753839438247967 0.006320416415255438
0.4481164397160792 0.008082268560124728
0.44869523165915814 0.004135858462456611
0.44927477117604536 0.007733988066971504
0.4498550592323151 0.004610843730423518
0.45043609679478874 0.005367098764955636
0.45101788483153643 0.007545658077715155
0.45160042431187863 0.006104426910933789
0.452183716206388 0.00450838544351918
0.4527677614868905 0.002349903387308428
0.4533525611264676 0.005472516385543703
0.4539381160994574 0.008972130976136836
0.45452442738145654 0.00596678581909593
0.45511149594932176 0.005686426930111523
0.45569932278117153 0.004842430923844666
0.4562879088563876 0.008930833150897365
0.45687725515561683 0.010159349855831284
0.45746736266077254 0.007654465038152881
0.4580582323550364 0.006216339251667268
0.45864986522285994 0.005799061319509839
0.4592422622499662 0.005653438915750731
0.4598354244233515 0.0026085351472430927
0.46042935273128677 0.0025356680611510743
0.46102404816331954 0.005182700064538569
0.46161951171027543 0.006028090708809632
0.4622157443642599 0.009632619558524794
0.4628127471186596 0.0045371492556323485
0.46341052096814445 0.0030815226970139073
0.4640090669086691 0.007506093485001003
0.4646083859374744 0.00803164669673301
0.4652084790530895 0.007017135127422238
0.46580934725533296 0.00652788226877512
0.466410991545315 0.010626595784703116
0.4670134129254388 0.00747651808165267
0.46761661239940217 0.0022445647238133705
0.4682205909721993 0.003557194692803713
0.4688253496501226 0.0034979509682434916
0.4694308894407641 0.011195454234007408
0.4700372113530173 0.0035747516384089374
0.4706443163970786 0.010817376068821827
0.4712522055844495 0.008547272283646165
0.4718608799279378 0.0034700482324448727
0.4724703404416594 0.0056475035932083625
0.47308058814104015 0.010763791486039832
0.47369162404281734 0.011283547970256056
0.4743034491650416 0.010340873989662203
0.4749160645270784 0.00872714858202753
0.47552947114960986 0.004795435344342509
0.47614367005463637 0.0070398602536103794
0.47675866226547853 0.0042883500490607535
0.4773744488067784 0.007388418426981645
0.47799103070450166 0.009257950518027008
0.47860840898593915 0.0069512874801480355
0.4792265846797084 0.01064417611344235
0.4798455588157558 0.012368845702924968
0.4804653324253577 0.008138405369784659
0.4810859065411227 0.0030110636310364575
0.48170728219699305 0.004396576044602527
0.4823294604282464 0.009954318916712057
0.48295244227149764 0.0086275825862101
0.4835762287647006 0.011567782684745342
0.48420082094714956 0.00492155809020731
0.4848262198594814 0.012313996023710085
0.48545242654367693 0.01006158697862311
0.48607944204306286 0.005124030035490015
0.48670726740231346 0.005981723964966465
0.4873359036674524 0.004081097820388156
0.48796535188585416 0.0024858680273486633
0.48859561310624633 0.011133416805600451
0.4892266883787108 0.007309004342176946
0.4898585787546859 0.008573470904057138
0.49049128528696795 0.009834413294997908
0.4911248090297131 0.012390232111496194
0.49175915103843904 0.01069375876834019
0.49239431237002673 0.00871696475915587
0.49303029408272236 0.006908086411263057
0.49366709723613883 0.006318066242252142
0.4943047228912576 0.011656575617028316
0.4949431721104307 0.010228330553762622
0.49558244595738216 0.011861339084944451
0.4962225454972099 0.0022273693569066855
0.4968634717963876 0.004763460635200338
0.4975052259227665 0.007894284659158219
0.4981478089455769 0.008927724840248327
0.49879122193543024 0.012399569993753233
0.49943546596432076 0.011468258190440873
0.5000805421056272 0.0019087945818649335
0.500726451434115 0.002726999549456422
0.5013731950259372 0.002931800292349494
0.5020207739586375 0.011868721870170762
0.5026691893111509 0.005168609831817215
0.5033184421638061 0.0035697843132449893
0.5039685335983272 0.004611879685165345
0.5046194646978353 0.009795271045670224
0.5052712365468507 0.00529418359101452
0.5059238502312943 0.010906084301983211
0.5065773068384898 0.004612343746198507
0.507231607457165 0.008485655704893654
0.5078867531774541 0.007455277443652222
0.5085427450908995 0.01003305100692142
0.509199584290453 0.00557643287727733
0.5098572718704785 0.00662222793997052
0.5105158089267531 0.008242655076449215
0.5111751965564693 0.0032142447108193107
0.5118354358582369 0.004971462707647212
0.5124965279320843 0.005332232490857364
0.5131584738794613 0.004854699203713906
0.5138212748032398 0.013133503522428402
0.5144849318077164 0.008155288445241661
0.515149445998614 0.005839597367092544
0.5158148184830837 0.002969278556118904
0.5164810503697066 0.01216508418078609
0.5171481427684955 0.005063104007920686
0.5178160967908972 0.006165779867680044
0.5184849135497939 0.001904581427906198
0.5191545941595049 0.0038077706078729163
0.5198251397357894 0.004096161526707106
0.5204965513958473 0.005764946583052929
0.5211688302583215 0.0028789015408520174
0.5218419774432999 0.012485268682441205
0.522515994072317 0.012805149199454477
0.523190881268356 0.010951951475285528
0.5238666401558505 0.011829850122491136
0.5245432718606864 0.011658904955562887
0.5252207775102038 0.010900110360558692
0.5258991582331989 0.004208765662229742
0.5265784151599259 0.003315042632200717
0.5272585494220988 0.005941638509624484
0.5279395621528935 0.004080733494785046
0.5286214544869493 0.014410104394040026
0.529304227560371 0.013856701296805081
0.529987882510731 0.004097958450001479
0.5306724204770709 0.014439229980620165
0.5313578425999034 0.009851871260158558
0.5320441500212145 0.010488845875048872
0.5327313438844651 0.007394118235945293
0.533419425334593 0.00749088731346934
0.5341083955180147 0.01185220185875039
0.5347982555826277 0.01076229184211592
0.535489006677812 0.008734989751805946
0.5361806499544318 0.013809104541059297
0.5368731865648385 0.011884152596413943
0.5375666176628714 0.011075851192941492
0.53826094440386 0.012653475882337128
0.5389561679446264 0.01205893049526973
0.5396522894434866 0.00978276152530856
0.540349310060253 0.010935959083713507
0.5410472309562355 0.005067883438417696
0.5417460532942445 0.01042377311960517
0.5424457782385921 0.013582729915763633
0.5431464069550941 0.004529868039669655
0.5438479406110722 0.011492634532978604
0.5445503803753559 0.012462647965971723
0.5452537274182842 0.004775618519016378
0.5459579829117078 0.00536442149458171
0.5466631480289911 0.012358291172032288
0.5473692239450139 0.008476946215090335
0.5480762118361733 0.009044969235852305
0.5487841128803863 0.004370419376305601
0.5494929282570911 0.011328112056185877
0.550202659147249 0.012556850625390277
0.5509133067333469 0.007836298999708306
0.5516248721993993 0.0030777588279220017
0.5523373567309493 0.007482043648343695
0.5530507615150719 0.006584661059302448
0.5537650877403749 0.007293768482131731
0.5544803365970017 0.012151442064373066
0.5551965092766324 0.011826308666739437
0.5559136069724869 0.01152424567596467
0.5566316308793258 0.007351501497606792
0.557350582193453 0.012284554127841489
0.5580704621127176 0.011091935550481807
0.5587912718365159 0.010569271273434192
0.5595130125657932 0.007422801460122605
0.5602356855030461 0.007680164024046796
0.5609592918523243 0.009509493362416287
0.5616838328192327 0.004520595255933262
0.5624093096109333 0.01142572437874415
0.5631357234361473 0.004225421430206139
0.563863075505157 0.005027380026370413
0.5645913670298083 0.0037080289759265704
0.565320599223512 0.010984913851265628
0.566050773301246 0.008995948355116757
0.566781890479558 0.010517320517845801
0.5675139519765664 0.00611254512385694
0.5682469590119634 0.007902950926726833
0.5689809128070165 0.0018175358066690739
0.5697158145845702 0.008351826360396298
0.5704516655690491 0.012001112697412927
0.5711884669864588 0.009417018032892627
0.5719262200643883 0.011742727106185373
0.5726649260320128 0.009550567348397085
0.5734045861200945 0.009187747500283007
0.5741452015609856 0.01006474853311508
0.5748867735886298 0.011569156229106725
0.5756293034385648 0.008907915899968692
0.5763727923479239 0.0071526895062831684
0.5771172415554386 0.010570878308994522
0.57786265230144 0.010500084592092375
0.5786090258278614 0.010424221983994833
0.5793563633782405 0.007661165360434331
0.5801046661977204 0.011623715451875264
0.5808539355330532 0.009365833208879118
0.581604172632601 0.008328177023601467
0.5823553787463382 0.01188207337332352
0.5831075551258539 0.009855761376101758
0.5838607030243536 0.010356133510970889
0.5846148236966615 0.013009379583345856
0.5853699183992227 0.00898318600911361
0.5861259883901049 0.006514911131859232
0.5868830349290007 0.0074084887918267825
0.5876410592772301 0.006218422083731562
0.5884000626977419 0.00424653527045104
0.5891600464551162 0.0004225219023909049
0.5899210118155666 0.003178562997858351
0.5906829600469419 0.005103023114426457
0.5914458924187286 0.005239457377598899
0.592209810202053 0.006368023735798249
0.5929747146696831 0.009147357831351611
0.5937406070960306 0.0041800773999955895
0.5945074887571536 0.006830480910299452
0.5952753609307583 0.004986432201814466
0.596044224896201 0.008514760100084024
0.5968140819344906 0.007382165581758106
0.5975849333282904 0.006809214322465965
0.5983567803619207 0.007673249099171878
0.5991296243213603 0.01193486078643603
0.5999034664942493 0.006836951191748062
0.6006783081698907 0.010885838854148575
0.6014541506392527 0.009246519950955748
0.6022309951949713 0.007797855603114648
0.6030088431313516 0.010587285033488445
0.6037876957443711 0.008517830599869443
0.6045675543316804 0.007741936346361674
0.6053484201926067 0.010681586344040378
0.6061302946281554 0.012389453759618228
0.606913178941012 0.013089711431227625
0.6076970744355448 0.012842401731566307
0.6084819824178068 0.01125592150185657
0.6092679041955379 0.012117411685617098
0.6100548410781669 0.009091820188545485
0.6108427943768142 0.013940274169190612
0.6116317654042935 0.011017871967734709
0.6124217554751141 0.0058070239107964544
0.6132127659054832 0.013205635424103777
0.6140047980133081 0.012484639070912358
0.614797853118198 0.008656418075847223
0.6155919325414669 0.003721176321108437
0.6163870376061353 0.001468611512985554
0.6171831696369325 0.003954795169804275
0.6179803299602988 0.006288307878974441
0.6187785199043878 0.007683637176465749
0.6195777407990685 0.008326869528106275
0.6203779939759276 0.0033788747084374415
0.6211792807682718 0.006212914785403697
0.6219816025111297 0.006811268187480717
0.6227849605412543 0.003996109593825759
0.6235893561971254 0.004340107173496871
0.6243947908189514 0.007101863028237098
0.6252012657486716 0.007979654206382598
0.6260087823299588 0.009618394683269565
0.6268173419082212 0.0056440020721946205
0.6276269458306047 0.006868721800162774
0.6284375954459953 0.006316619207179676
0.6292492921050211 0.0049484484992133055
0.6300620371600548 0.005349988775959082
0.6308758319652158 0.010707922556219074
0.6316906778763725 0.011210540628448775
0.6325065762511444 0.005512646445142073
0.6333235284489048 0.010678254829175355
0.6341415358307828 0.01106362039621492
0.634960599759665 0.011788920247475328
0.635780721600199 0.008305235399388376
0.6366019027187947 0.007944730245039909
0.6374241444836267 0.00751774769320446
0.6382474482646371 0.004561933031740939
0.6390718154335371 0.008951323025403501
0.6398972473638099 0.010883499882722922
0.6407237454307124 0.012601475048631265
0.6415513110112782 0.014646564598890424
0.6423799454843191 0.012622167344078346
0.643209650230428 0.0087073154296159
0.6440404266319809 0.007803906680734137
0.6448722760731393 0.011859037300019498
0.6457051999398528 0.015984555645667444
0.6465391996198605 0.009318918725056835
0.6473742765026943 0.012016433700123515
0.648210431979681 0.017036602620179128
0.649047667443944 0.008850465572283868
0.6498859842904064 0.01259186298558805
0.650725383915793 0.009208015222818531
0.6515658677186326 0.010919401034532025
0.65240743709926 0.011035985354448186
0.6532500934598191 0.014746824374808285
0.6540938382042647 0.016448359824745958
0.6549386727383651 0.006761973904821692
0.655784598469704 0.00667941004298321
0.6566316168076834 0.011658157766338821
0.6574797291635256 0.013545538045891745
0.6583289369502757 0.012620970795596783
0.6591792415828038 0.013840249918269744
0.6600306444778076 0.013940368622657557
0.6608831470538145 0.015303924962789442
0.6617367507311841 0.014224637888530088
0.6625914569321106 0.01450245767799056
0.6634472670806253 0.014353559602057534
0.6643041826025985 0.011043495620100202
0.6651622049257422 0.013619555152730738
0.6660213354796125 0.009097000643538012
0.666881575695612 0.005280702512663343
0.6677429270069922 0.012831108218980671
0.6686053908488555 0.010749068607793242
0.6694689686581581 0.011043851216365655
0.6703336618737122 0.00766998956099671
0.6711994719361883 0.0059555960269747224
0.6720664002881177 0.008276040424802192
0.6729344483738949 0.012859807501801646
0.6738036176397803 0.005189563881618079
0.6746739095339015 0.01133578213621773
0.6755453255062573 0.005941058862771393
0.6764178670087191 0.009329827396051453
0.6772915354950335 0.006715076089331882
0.6781663324208247 0.005833761912681613
0.6790422592435972 0.013928666124641095
0.6799193174227377 0.01571986608322625
0.6807975084195184 0.012184146941981533
0.6816768336970983 0.006727676770163981
0.6825572947205266 0.011210667573486719
0.6834388929567448 0.009620904995300324
0.6843216298745888 0.015696484961356588
0.6852055069447919 0.005101190133577093
0.686090525639987 0.008247171810778615
0.686976687434709 0.009891045188711613
0.6878639938053974 0.0054670836369825875
0.6887524462303988 0.0072499226465789855
0.6896420461899688 0.005477940256272929
0.6905327951662755 0.008548241034621708
0.6914246946434008 0.0055176411316307655
0.6923177461073441 0.016423796409466077
0.6932119510460234 0.009937234810442001
0.6941073109492792 0.008845611466494867
0.6950038273088759 0.006390858222265259
0.6959015016185046 0.013661508310262964
0.6968003353737862 0.015874486306755024
0.6977003300722725 0.016734377697014968
0.6986014872134505 0.0148954510943627
0.6995038082987433 0.006873529650431398
0.7004072948315134 0.015762919350068738
0.7013119483170653 0.016523857062794762
0.7022177702626474 0.006586051761010203
0.7031247621774551 0.010516926321152717
0.7040329255726332 0.017784172839787497
0.704942261961278 0.019185042797605727
0.7058527728584403 0.011815450337905797
0.7067644597811278 0.004908861878094945
0.7076773242483075 0.00445425599713179
0.7085913677809085 0.007518272977113071
0.7095065919018239 0.014227220878005258
0.7104229981359143 0.01667158103325023
0.7113405880100095 0.011387479299776791
0.7122593630529116 0.0208906287431419
0.7131793247953971 0.00971045362111062
0.7141004747702199 0.007928446281999254
0.7150228145121131 0.005210065484353034
0.7159463455577929 0.014059394317964432
0.7168710694459597 0.013583458358628278
0.7177969877173015 0.005570674561760054
0.7187241019144962 0.011017448954499146
0.7196524135822144 0.01768463398197229
0.7205819242671219 0.02058539666157631
0.7215126355178816 0.013513216730378665
0.7224445488851574 0.009294629491095795
0.7233776659216156 0.010008188787607657
0.7243119881819281 0.009982494507036156
0.7252475172227748 0.011200255847359522
0.7261842546028463 0.021839826137560005
0.7271222018828462 0.0061832854355493684
0.7280613606254942 0.018289590608301074
0.7290017323955282 0.01647677650089343
0.7299433187597074 0.021568189851174514
0.7308861212868143 0.02281834590018445
0.7318301415476578 0.022985561929351424
0.7327753811150759 0.014473009098034634
0.7337218415639377 0.012859359019084124
0.7346695244711468 0.006964199563908109
0.7356184314156431 0.013498297187737287
0.7365685639784064 0.0180846496810286
0.7375199237424581 0.023006418197482097
0.7384725122928644 0.02387518591637911
0.7394263312167387 0.024226733221172834
0.7403813821032447 0.020851931097284247
0.741337666543598 0.022985153162037777
0.7422951861310702 0.02250277223294741
0.7432539424609902 0.022520134758357076
0.7442139371307476 0.02368360981286339
0.7451751717397954 0.023529410216104378
0.7461376478896523 0.023897667778043398
0.7471013671839055 0.0204631211117158
0.7480663312282135 0.02366981504905395
0.7490325416303087 0.023439813954610304
0.75 0.024444395233548688
0.7535957271382807 0.02238291213004154
0.757208693281432 0.02359549168415139
0.7608389810784641 0.024206836944137243
0.7644866735746316 0.018591808796293217
0.7681518542133332 0.02230619724640646
0.7718346068380205 0.017589200451474194
0.7755350156941161 0.012415930300395913
0.7792531654309404 0.013406962941710858
0.7829891411036486 0.01689893541085651
0.7867430281751759 0.02074171266043958
0.7905149125181926 0.02058184946478567
0.7943048804170689 0.02224168729056647
0.7981130185698482 0.018630310704766714
0.8019394140902305 0.022123127853336144
0.8057841545095653 0.023881199025052147
0.8096473277788541 0.024915758373278456
0.8135290222707618 0.023824616232848497
0.817429326781639 0.024735117735490583
0.8213483305335527 0.02404439645223333
0.8252861231763274 0.02401361212729186
0.8292427947895962 0.021342267983045598
0.833218435884861 0.02490032804510255
0.8372131374075636 0.022614281864525018
0.8412269907391656 0.024056019321543214
0.8452600876992389 0.019630381431954096
0.8493125205475665 0.0220337893866599
0.8533843819862523 0.02152016956770791
0.8574757651618429 0.021365917730853213
0.8615867636674567 0.02380635341206251
0.8657174715449267 0.023197291264925864
0.8698679832869504 0.02295035116939431
0.8740383938392522 0.024572594609764707
0.8782287986027549 0.02360397376345081
0.8824392934357623 0.024251467646976284
0.8866699746561519 0.023681387244016503
0.8909209390435783 0.024146141252319776
0.8951922838416869 0.018723103735586326
0.8994841067603389 0.02243995793426052
0.903796505977846 0.024167468921139777
0.9081295801432163 0.022820641545088335
0.9124834283784115 0.024440413103576426
0.9168581502806137 0.024446087730739273
0.9212538459245041 0.02024346301639798
0.9256706158645523 0.02415604408303809
0.9301085611373165 0.022845229487255033
0.9345677832637547 0.023615356265921227
0.939048384251547 0.023695625361002153
0.9435504665974296 0.02273860577455209
0.9480741332895386 0.023796115840146008
0.9526194878097667 0.02374093711860636
0.9571866341361303 0.02342027051244948
0.9617756767451473 0.023326880556133637
0.9663867206142284 0.0231131701800545
0.9710198712240772 0.022718668314457426
0.975675234561104 0.022296128557354855
0.9803529171198504 0.022659877094251765
0.9850530259054243 0.02326017322161008
0.9897756684359491 0.02277778549010518
0.9945209527450225 0.022611373154584342
0.9992889873841879 0.015277368353184302
1.0040798814254177 0.022816017522538836
1.0088937444636084 0.01735430606229921
1.0137306866190876 0.02287053518899808
1.0185908185401331 0.021376010414371174
1.023474251405504 0.02183872136595732
1.0283810969269844 0.022441085571600572
1.033311467351938 0.021698849927727984
1.0382654754658767 0.0222403586772833
1.04324323459504 0.02200718583659621
1.048244858608988 0.022073911502658985
1.053270461923206 0.021551095061264257
1.0583201595017218 0.021535916083344663
1.0633940668597348 0.021947208883064676
1.0684923000662605 0.021249780264358073
1.0736149757467832 0.021193725007377023
1.0787622110859263 0.02130932175334048
1.0839341238301308 0.021311012008497734
1.08913083229035 0.02096263149611706
1.0943524553447561 0.021199029216205038
1.099599112441459 0.019298503682753813
1.1048709236012393 0.020018271893317147
1.1101680094202928 0.020881804416632878
1.1154904910729908 0.02044766879762184
1.120838490314651 0.020120434856348915
1.126212129484323 0.017072350943892766
1.1316115315075865 0.020455152598954345
1.1370368198993641 0.020257429751487484
1.1424881187667462 0.019756683980557566
1.1479655528118298 0.020122797486326865
1.1534692473345722 0.01980129482401409
1.1589993282356565 0.019963881589080846
1.164555922019371 0.01982291888550965
1.170139155796505 0.01921365323112818
1.1757491572872547 0.0194383207991482
1.1813860548241462 0.01934052848647191
1.1870499773549694 0.019301329693756076
1.1927410544457302 0.01928764913312242
1.198459416283613 0.017854969596803476
1.2042051936799583 0.018900833063786163
1.2099785180732563 0.0188637268259739
1.2157795215321532 0.01866636408722306
1.221608336758472 0.01875477987360052
1.2274650970902483 0.018344611839148064
1.2333499365047813 0.018469987592195248
1.2392629896216973 0.0183454673993609
1.24520439170603 0.018262310047380916
1.251174278671315 0.01809122257964398
1.2571727870826979 0.017592139247760978
1.2632000541600594 0.01769716541772232
1.269256217781154 0.017571552189353096
1.2753414164847634 0.017672247743778687
1.281455789473867 0.017021598959414835
1.2875994766188243 0.017547787347661624
1.2937726184605767 0.017206071061553797
1.2999753562138607 0.017358202294616598
1.30620783177044 0.017151928483189686
1.3124701877023488 0.0153906675034129
1.3187625672651564 0.01688758640841212
1.3250851144012417 0.01681819164772108
1.3314379737430875 0.01651978135796221
1.337821290616588 0.016197416336952226
1.3442352110443743 0.0161569061990751
1.3506798817491539 0.011488046881766887
1.3571554501570673 0.015610930364536835
1.363662064401061 0.01577299587129304
1.3701998733242755 0.015425984731259957
1.3767690264834498 0.015336671695022279
1.3833696741523442 0.013773447564707041
1.3900019673251762 0.011651109676940977
1.3966660577200758 0.015516617177360975
1.4033620977825552 0.015281730119946199
1.4100902406889968 0.01452436676700382
1.4168506403501568 0.014372570372619123
1.4236434514146867 0.014383313877546322
1.43046882927267 0.01460032854431046
1.4373269300591769 0.014068574178945538
1.4442179106578377 0.014011294148744236
1.4511419287044287 0.013038306282844477
1.4580991425904812 0.013965975937184709
1.4650897114669033 0.012516609915935508
1.4721137952476195 0.013804102067746392
1.4791715546132318 0.013447740624517123
1.4862631510146926 0.013846027982840169
1.4933887466769993 0.013667281479130919
1.5005485046029052 0.012909474873329833
1.5077425885766482 0.012679274540867272
1.514971163167697 0.011479666133906436
1.5222343937345166 0.013456020493929513
1.5295324464283504 0.01325824405000835
1.5368654881970214 0.012503926778263308
1.5442336867887507 0.012849268596133051
1.5516372107559953 0.013287870854163338
1.559076229459304 0.013030751712055205
1.5665509130711908 0.012111099080039664
1.5740614325800286 0.01317325240666594
1.5816079597939605 0.012652323588690817
1.5891906673448297 0.01209343304148669
1.5968097286921286 0.012746476562360689
1.604465318126967 0.012023541140621274
1.6121576107760593 0.0125441271218475
1.6198867826057304 0.011311701726193196
1.6276530104259406 0.012820225018943861
1.6354564718943307 0.012943096298882496
1.643297345520287 0.01258426425817113
1.6511758106690229 0.012477565171996541
1.659092047565683 0.012201263898677206
1.6670462372994665 0.011683864979332508
1.6750385618277683 0.011622361742551839
1.6830692039803425 0.012016976697151507
1.6911383474634847 0.0117357104885349
1.6992461768642335 0.011648132355127062
1.707392877654594 0.010115199361678628
1.7155786361957803 0.0110280903126793
1.7238036397424783 0.010673491400124217
1.7320680764471306 0.008429579064565441
1.7403721353642378 0.008922292136301968
1.7487160064546867 0.01046371943695191
1.7570998805900933 0.010371156040591306
1.76552394955717 0.00956308932135404
1.7739884060621127 0.010044033269282706
1.7824934437350097 0.008047074987622294
1.7910392571342704 0.00973806322559616
1.7996260417510754 0.008586714240880184
1.80825399401385 0.009533609982972127
1.8169233112927567 0.008588180415270121
1.8256341919042098 0.008900774468880495
1.834386835115414 0.009049875350438205
1.8431814411489198 0.009149978667154043
1.8520182111872059 0.0076553612003686525
1.8608973473772803 0.008412702480566607
1.8698190528353054 0.005757760272394832
1.8787835316512442 0.006912648182082741
1.8877909888935285 0.0075713377439640735
1.89684163061375 0.006920592906379828
1.9059356638513747 0.005040350074392979
1.915073296638478 0.007519207998136447
1.9242547380045036 0.004748298478302309
1.9334801979810476 0.007159965598780935
1.9427498876066593 0.007105020108644819
1.9520640189316716 0.0070150625868889835
1.96142280502305 0.007346893498134738
1.9708264599692682 0.007170179574733038
1.9802751988852059 0.006847386363508603
1.9897692379170668 0.0069172049401788225
1.999308794247326 0.006808180720260281
2.0088940860996973 0.006711039630448064
2.018525332744124 0.006504068625950136
2.0282027545017973 0.005672555491360423
2.037926572750194 0.0066668418635073105
2.0476970099281426 0.006175062385245844
2.057514289540909 0.00576188522084861
2.0673786361653126 0.0059323142332433024
2.0772902754548603 0.006005217743714505
2.0872494341449133 0.005988007828142408
2.097256340057868 0.005384434114993644
2.107311222108371 0.005586979782200425
2.1174143103085554 0.005535845480888499
2.1275658357733027 0.004899917058428615
2.1377660307255275 0.005440052759926345
2.1480151285014935 0.00569182428596054
2.158313363556147 0.005393247106140185
2.168660971468484 0.005313907975135617
2.1790581889469367 0.00528308969621127
2.189505253834789 0.005214556887240816
2.2000024051156175 0.00493762487811166
2.21054988291876 0.005202107195194859
2.2211479285248057 0.00497598768748764
2.231796784371116 0.005013129890161565
2.2424966940573703 0.005037833543421096
2.2532479023511387 0.0049785951423271255
2.264050655193483 0.004935993168761098
2.274905199704578 0.004783914866452648
2.2858117841893697 0.004826783084477091
2.296770658143252 0.0028654642618761413
2.307782072257775 0.004396641170790452
2.318846278426381 0.004539336509425949
2.329963529750166 0.0044974397504689454
2.341134080543669 0.003655607175615657
2.3523581863406884 0.003889635481346459
2.3636361039001312 0.0036339886963552377
2.374968091211883 0.0037761671735828603
2.386354407502711 0.004100727567341315
2.3977953132421947 0.0036172064105807157
2.4092910701486843 0.0030082393511351464
2.420841941195286 0.0036590738977368355
2.4324481906158777 0.0038076031994055937
2.444110083911157 0.003563938274365567
2.4558278878547095 0.003572210617547275
2.467601870499117 0.002230016258035118
2.4794323011820847 0.0025388962596214694
2.491319450532605 0.003238408290423244
2.503263590477147 0.003405285408447133
2.5152649942458787 0.002361249390832215
2.5273239363789144 0.002019262278899346
2.5394406927326 0.0029890175070384725
2.5516155404858174 0.003188014714638507
2.5638487581463285 0.002943574179550684
2.5761406255571475 0.0021307541052102996
2.5884914239029375 0.0027681199713868432
2.6009014357164504 0.0026600840985175757
2.6133709448849824 0.0020066261041848063
2.625900236656872 0.002079015932401913
2.638489597648025 0.0023786966703760654
2.6511393158484706 0.0023289820176329934
2.663849680628949 0.002156821577858159
2.676620982747533 0.0021952520386199006
2.6894535143562757 0.002716563826132853
2.702347569007896 0.0023974593343036115
2.7153034416624937 0.0022954706051166044
2.7283214286942967 0.0024882421996429874
2.741401827898442 0.002080770108513904
2.7545449384977845 0.001922554790742589
2.7677510611497445 0.0017244961379908068
2.7810204979531865 0.001975941602047519
2.7943535524553265 0.0018496822529939136
2.8077505296586787 0.00163664598118094
2.821211736028033 0.0018586808195408936
2.8347374794974622 0.00208778353848992
2.8483280694773696 0.002078993777358373
2.861983816861565 0.0015552278916159564
2.8757050340343775 0.0018860426030334408
2.8894920348778004 0.0014180461935287196
2.903345134778675 0.0017383450512372157
2.9172646506359 0.0018776294608583801
2.931250900867685 0.002005606407302908
2.945304205418831 0.0014029927412530579
2.9594248857680525 0.0014854886806173323
2.9736132649353317 0.0017160804235419667
2.9878696674893046 0.0011693955706560185
3.0021944195546872 0.0013587024701434208
3.0165878488197375 0.0016616450402727981
3.031050284543749 0.0013562233574113483
3.045582057564585 0.0017328103622997588
3.060183500306246 0.0014124962585974862
3.0748549467864725 0.0013905408072777932
3.089596732624388 0.0015694036265818882
3.1044091950481763 0.0015047401250220175
3.1192926729027923 0.0010850561416845502
3.1342475066577213 0.0012970874134669071
3.1492740384147586 0.001173524836063086
3.1643726119158395 0.0011247591438816877
3.1795435725509034 0.0012286277053934855
3.194787267365793 0.0011735135501596326
3.210104045070193 0.0014631461641417022
3.2254942560456112 0.0012729339122961039
3.240958252353387 0.0013111404907305358
3.2564963877427493 0.0013767907035616752
3.272109017658909 0.0013395033946356038
3.2877964992511868 0.0010189331919857162
3.3035591913811895 0.0010981328864912657
3.3193974546310105 0.0010978224252276814
3.335311651311486 0.0012208405000150929
3.3513021454704788 0.001188836729359879
3.3673693029012073 0.0009695028311848768
3.3835134911506137 0.001184861403533759
3.3997350795277725 0.001074477282547738
3.416034439112336 0.0011161130800241917
3.4324119427630264 0.0011803777932146919
3.448867965126162 0.0010789059387164162
3.4654028826442294 0.0010762848315336966
3.482017073564496 0.001071187126426956
3.4987109179476596 0.0010134847200690316
3.5154847976765438 0.0010506420098756954
3.5323390964648356 0.0010318917587679639
3.5492741998658603 0.0009721791082628209
3.5662904952814025 0.0009445514993630829
3.58338837197057 0.0010167726479896357
3.6005682210586953 0.0008407961066644247
3.6178304355462845 0.0009555541896084968
3.635175410318007 0.0009589373283746319
3.6526035421517284 0.0009345305465282023
3.6701152297275876 0.0009225223686408
3.687710873637119 0.000949227151282017
3.7053908763924124 0.0009168637987154165
3.7231556424353216 0.0008853024674617649
3.7410055781467184 0.0008862558033679226
3.758941091855786 0.0008641271587600672
3.7769625938493654 0.0006151119234712461
3.795070496381332 0.0008757628778249633
3.8132652136820346 0.0007661247784968492
3.8315471619677655 0.0008414937972537701
3.849916759450285 0.0008136284277550329
3.8683744263463873 0.0008142438148548376
3.8869205848875135 0.0007953135578257586
3.9055556593294094 0.0007878591128530696
3.9242800759618315 0.0007350367522311652
3.943094263118298 0.0007467251307020914
3.9619986511858882 0.0007504530151702146
3.980993672615089 0.0007144890048704512
4.000079761929683 0.000687812637779623
4.019257355736694 0.0006980625000924422
4.03852689273637 0.0006953164096914103
4.057888813732221 0.0006677893818381858
4.077343561641103 0.0006698252509873672
4.096891581503353 0.000658299762161516
4.11653332049296 0.0006339833361124618
4.136269227927804 0.0005714768110811427
4.156099755279931 0.0005244644831012493
4.17602535618588 0.000620538632085696
4.19604648645706 0.0005783005072381399
4.216163604090182 0.0006075185845444855
4.236377169277727 0.000574698345328794
4.25668764441848 0.0005871908737664649
4.277095494128106 0.0005458451124074473
4.2976011852497775 0.00037893337994954787
4.318205186864858 0.0005331379258049502
4.338907970303623 0.0004625030587407391
4.359710009156054 0.0005165113232597773
4.380611779282662 0.00048810955874589127
4.4016137588253805 0.0004374078112713272
4.422716428218497 0.0004249633325182165
4.4439202701996505 0.00030788636767164817
4.465225769820868 0.00037677836589537734
4.486633414459661 0.0004598664558141435
4.50814369383018 0.0004465587333848147
4.529757099994412 0.0004201069780901604
4.551474127373438 0.00040146085949027975
4.5732952727587435 0.00030617566418762466
4.595221035323583 0.0003487663377547515
4.617251916634397 0.0003897549292161204
4.639388420662292 0.0003137333861398348
4.661631053794558 0.0003681351457828559
4.683980324846266 0.00038796768056271623
4.706436745071897 0.00037464478502797105
4.729000828177038 0.00029009272441121216
4.751673090330143 0.0003631661516858713
4.774454050174326 0.0003429554738747026
4.79734422883924 0.00035644125778925347
4.820344149952989 0.00034377896288865904
4.843454339654107 0.00028362360513571724
4.866675326603597 0.00032809087954319095
4.890007641997023 0.0002206878067466663
4.91345181957666 0.00029051654350124693
4.937008395643709 0.00029301856940122293
4.960677909070557 0.00022281620510915576
4.98446090131311 0.0003192061685511605
5.008357916423177 0.00022381908048533147
5.032369501060916 0.00020966859621951935
5.0564962045073445 0.0002985170717507374
5.0807385786768915 0.00024841163587116115
5.105097178130036 0.00023469460288664593
5.129572560085985 0.00028229018431343554
5.154165284435427 0.0002719805551852906
5.1788759137533305 0.00025591981567416397
5.203705013311826 0.00025175527410514883
5.2286531510931225 0.00024285554376157257
5.253720897802513 0.00019510042634941744
5.278908826881421 0.00023618475455172044
5.304217514520523 0.00022766798511551672
5.329647539672928 0.00018799488353211466
5.355199484067426 0.00019396006498787366
5.380873932221783 0.00022602786899808447
5.406671471456126 0.00019112092842047732
5.432592691906369 0.00021487853691901389
5.458638186537719 0.00017107270163372291
5.484808551158237 0.00022010706959351252
5.511104384432469 0.00017928151180874845
5.537526287895138 0.00018073387469029055
5.5640748659649075 0.00014938671065373618
5.590750725958208 0.0002065699022549225
5.617554478103128 0.00019207107239575737
5.644486735553375 0.00018773336823916067
5.671548114402301 0.00019737483415938748
5.698739233696996 0.00017140440406249036
5.726060715452448 0.00017243853591349817
5.753513184665774 0.00014189907474989797
5.781097269330519 0.00017476696261490586
5.808813600451015 0.00017735681438959256
5.836662812056822 0.00016295796240305667
5.864645541217231 0.0001606110774183443
5.892762428055834 0.0001639112218117464
5.921014115765167 0.000162540855996249
5.949401250621433 0.00015232493562444702
5.977924481999274 0.0001388092203104768
6.0065844623866305 0.00015909445221265665
6.035381847399669 0.000150914643381618
6.0643172957977765 0.0001482342135446243
6.093391469498636 0.0001431959357866613
6.122605033593362 0.00014100067368872778
6.151958656361717 0.0001432953406087739
6.181453009287397 0.00012599370970244454
6.2110887670734 0.00014054973273685935
6.240866607657446 0.00013255874009796448
6.270787212227504 0.00013360268488798446
6.300851265237357 0.00012921882636945288
6.331059454422269 0.00010724890933166739
6.361412470814716 0.0001302278596142325
6.39191100876019 0.00012290148360214728
6.422555765933088 0.00012238518162153866
6.45334744335267 0.00011867488284291857
6.4842867453990936 9.243016439888908e-05
6.515374379829527 9.763156036689153e-05
6.546611057794343 0.00010288227024080166
6.57799749385338 0.00010418474991744165
6.609534405992302 9.984358017161824e-05
6.641222515639004 8.41631729453257e-05
6.6730625476801295 0.00010172658503765784
6.7050552304776465 9.418795828077614e-05
6.737201295885512 9.875545256732883e-05
6.769501479266411 7.421541119063419e-05
6.801956519508584 7.23465477734572e-05
6.83456715904272 7.835106609758046e-05
6.867334143858949 8.90084776448054e-05
6.900258223523903 9.47256019480184e-05
6.933340151197861 8.30342584403911e-05
6.966580683651985 8.412157372759308e-05
6.999980581285625 8.485760570081104e-05
7.0335406081437135 8.092204872067822e-05
7.067261531934249 6.622618411840139e-05
7.101144124045853 6.82070318872728e-05
7.135189159565416 7.78255071664591e-05
7.169397417295838 7.811997195457097e-05
7.203769679773824 7.25271264347475e-05
7.238306733287806 7.184238775079135e-05
7.2730093678959165 7.14266939133016e-05
7.307878377444066 7.4657019647219e-05
7.342914559584106 6.974915601089047e-05
7.37811871579207 6.404468152842802e-05
7.413491651386511 5.6952640017342956e-05
7.449034175546921 6.351754959037552e-05
7.484747101332247 6.741373770202143e-05
7.520631245699485 5.67781326979056e-05
7.556687429522369 4.9969072027826915e-05
7.592916477610153 6.306066850995079e-05
7.629319218726471 5.80697323255833e-05
7.665896485608313 6.106990350307373e-05
7.702649114985049 5.80292191623058e-05
7.73957794759759 5.961045217939005e-05
7.77668382821761 6.0725429233627054e-05
7.813967605666878 5.6735086039546044e-05
7.8514301328366685 5.071930465027037e-05
7.8890722667072755 5.441559099422228e-05
7.926894868367619 5.243084444849706e-05
7.964898803034935 5.337103966021019e-05
8.003084940074578 4.9687157179633614e-05
8.041454153019895 4.428194739843259e-05
8.080007319592234 4.45858097693949e-05
8.118745321720986 4.294042904306948e-05
8.15766904556379 4.127874020150985e-05
8.196779381526783 4.2473874262734464e-05
8.23607722428499 4.506441366709566e-05
8.275563472802775 4.1407308029876344e-05
8.315239030354402 4.432370904712895e-05
8.355104804544718 3.9565442919961793e-05
8.395161707329892 4.008825962322812e-05
8.435410655038293 3.7106753247965365e-05
8.47585256839144 3.7170112967300334e-05
8.516488372525082 3.5077531425505106e-05
8.557318997010336 3.660872085817741e-05
8.598345375874969 3.370823858090369e-05
8.639568447624761 3.721628082613468e-05
8.680989155264971 3.747470889313569e-05
8.722608446321914 3.166408625957548e-05
8.764427272864628 2.9172284466568002e-05
8.806446591526663 3.083446283297086e-05
8.84866736352796 3.4574469788905116e-05
8.891090554696834 2.9704418482210645e-05
8.933717135492076 3.3982278656129774e-05
8.97654808102516 3.294435144040159e-05
9.019584371082525 3.389064268986288e-05
9.06282699014801 3.260970496035965e-05
9.106276927425366 2.5830498440683335e-05
9.14993517686089 2.842528152406139e-05
9.193802737166154 2.9131869163413106e-05
9.237880611840858 2.8024109594377123e-05
9.282169809195782 2.7036080121647496e-05
9.326671342375855 2.8187380779320448e-05
9.37138622938333 2.6212987302730005e-05
9.416315493101063 2.8122338856771547e-05
9.461460161315939 2.6956320879405187e-05
9.506821266742346 2.7828943792450593e-05
9.552399847045825 2.568478509489938e-05
9.5981969448668 2.421962471921779e-05
9.644213607844426 2.461786791362655e-05
9.690450888640562 2.449950968011572e-05
9.736909844963844 2.4909731029229472e-05
9.783591539593884 2.1193756592021213e-05
9.830497040405579 2.0736722913245324e-05
9.877627420393544 2.169763046857878e-05
9.924983757696651 2.0380275587805717e-05
9.972567135622711 2.142966804712712e-05
10.020378642673224 2.2330494986232373e-05
10.068419372568302 1.9082763223418457e-05
10.116690424271683 1.9078704942057862e-05
10.165192902015866 1.863392442959368e-05
10.213927915327382 1.749402545175025e-05
10.262896579052162 1.8936604555742344e-05
10.31210001338105 1.7040359901555985e-05
10.361539343875423 1.76588957873545e-05
10.411215701492937 1.678890393590564e-05
10.461130222613402 1.773896495207846e-05
10.511284049064788 1.7413141623378793e-05
10.56167832814932 1.737879291485392e-05
10.612314212669743 1.4388817059157784e-05
10.663192860955688 1.757727897094905e-05
10.714315436890168 1.5703978789792098e-05
10.765683109936202 1.55510565192195e-05
10.817297055163571 1.5968192099216048e-05
10.869158453275698 1.563839690330718e-05
10.921268490636654 1.4552770689261284e-05
10.973628359298297 1.4420238891230153e-05
11.026239257027544 1.4993917143139863e-05
11.079102387333766 1.4279768630161848e-05
11.132218959496333 1.339352816936821e-05
11.18559018859226 1.2503098700610802e-05
11.239217295524002 1.4184855680595387e-05
11.293101507047401 1.2393543638726563e-05
11.347244055799733 1.329244127531683e-05
11.401646180327912 1.3316460964526696e-05
11.456309125116817 1.2606228778489684e-05
11.511234140617772 1.3186674637208457e-05
11.566422483277135 1.0624809327670084e-05
11.621875415565054 1.2410887860539863e-05
11.677594206004335 1.226144799056304e-05
11.73358012919948 1.1073540748178806e-05
11.789834465865818 1.0797502575417177e-05
11.846358502858818 1.1211877607732207e-05
11.903153533203527 1.003615815783884e-05
11.960220856124144 1.0911615488715458e-05
12.01756177707374 9.648847337445732e-06
12.075177607764124 1.0873058002297109e-05
12.133069666195853 9.741958340450772e-06
12.191239276688373 9.366239944136517e-06
12.249687769910324 8.899825477945278e-06
12.308416482909958 9.161213757697377e-06
12.367426759145774 8.813254732242663e-06
12.426719948517185 9.544613977456813e-06
12.48629740739545 8.878216143868068e-06
12.54616049865467 8.520130867920133e-06
12.606310591702988 9.262318999638735e-06
12.666749062513896 7.84332554519713e-06
12.727477293657726 8.042253619329167e-06
12.788496674333269 7.962041835676678e-06
12.849808600399552 8.041860945401164e-06
12.911414474407778 7.4481193554246124e-06
12.973315705633395 7.809135363626418e-06
13.035513710108367 6.907061613861515e-06
13.098009910653523 6.7754427893943324e-06
13.160805736911131 6.382205329606361e-06
13.223902625377601 6.915248134404783e-06
13.287302019436336 7.1546239139244356e-06
13.35100536939076 6.85973011049035e-06
13.415014132497493 6.69973240615422e-06
13.479329772999682 6.307522014208921e-06
13.543953762160495 6.639320340389683e-06
13.608887578296788 6.094083928330514e-06
13.674132706812903 6.403983278383409e-06
13.739690640234688 6.112339649901904e-06
13.805562878243586 6.3492624017480874e-06
13.871750927710973 6.128155851354633e-06
13.93825630273263 5.705218812894338e-06
14.00508052466336 5.481741751922401e-06
14.07222512215181 5.508371347043491e-06
14.139691631175433 4.960259341475571e-06
14.207481595075617 5.006261809654496e-06
14.275596564592998 5.257875263400834e-06
14.344038097902937 5.1266357546681e-06
14.412807760651145 4.785996065019733e-06
14.48190712598954 5.41910524029701e-06
14.55133777461218 5.01653090654031e-06
14.621101294791464 4.636329593466628e-06
14.691199282414441 4.256869544834978e-06
14.761633341019332 4.303839693096164e-06
14.832405081832201 4.373378461472904e-06
14.903516123803822 4.319152574258184e-06
14.97496809364671 4.0298839882894355e-06
15.046762625872327 4.430936080192795e-06
15.118901362828483 4.369569403317469e-06
15.19138595473689 4.343306504031256e-06
15.264218059730949 4.216258220850365e-06
15.337399343893628 3.512444444391967e-06
15.41093148129561 4.011445027350194e-06
15.484816154033581 3.7886977364711685e-06
15.55905505226871 3.6695843721642944e-06
15.633649874265304 3.6903448105065987e-06
15.70860232642967 3.5124639675707923e-06
15.78391412334914 3.640318887564343e-06
15.859586987831298 3.0689123003040434e-06
15.935622650943388 3.085335276743231e-06
16.01202285205191 3.0805539135539017e-06
16.088789338862437 2.9175538937415127e-06
16.16592386745954 2.996207394828852e-06
16.243428202347012 3.467673746041611e-06
16.321304116488204 3.152734879947025e-06
16.39955339134659 2.845694068396268e-06
16.47817781692652 2.6078230449716086e-06
16.55717919181417 2.7742454814901616e-06
16.63655932321868 2.766714369538053e-06
16.7163200270135 2.993463866961246e-06
16.796463127777923 2.5980709182716934e-06
16.876990458838833 2.727774821746425e-06
16.957903862312623 2.9029530387088964e-06
17.03920518914739 2.8599822537590157e-06
17.12089629916519 2.458645987772367e-06
17.202979061104653 2.60578049636897e-06
17.285455352663703 2.5380540544621063e-06
17.36832706054252 2.516044967198713e-06
17.45159608048669 2.4550139857766356e-06
17.535264317330583 2.150750230379535e-06
17.619333685040917 2.4592723413638064e-06
17.70380610676055 2.2467636054890093e-06
17.78868351485247 2.296172329506659e-06
17.87396785094398 2.3234460638007748e-06
17.959661065971176 2.1622220191005294e-06
18.04576512022349 2.030754393285459e-06
18.13228198338859 2.232496555284861e-06
18.21921363459743 1.930886796347843e-06
18.306562062469503 1.895932736126487e-06
18.39432926515836 1.8727420351397884e-06
18.482517250397294 1.988704618602179e-06
18.571128035545286 1.8630275143311074e-06
18.660163647633148 1.8210708189591664e-06
18.749626123409886 1.7693019730505158e-06
18.839517509389292 1.852274557178912e-06
18.92983986189679 1.6828842567429064e-06
19.020595247116432 1.7821727728363844e-06
19.111785741138178 1.8145934661245496e-06
19.203413430005398 1.449599584342218e-06
19.295480409762593 1.6813684805953385e-06
19.38798878650332 1.6514174747635613e-06
19.480940676418403 1.583512980313452e-06
19.574338205844317 1.6347045226878893e-06
19.668183511311835 1.5493580378989434e-06
19.76247873959491 1.5376927719530112e-06
19.857226047759777 1.578828543657587e-06
19.952427603214318 1.2808108855139174e-06
20.048085583757594 1.3179184827771468e-06
20.144202177629715 1.2902697864552354e-06
20.24077958356187 1.274520209472577e-06
20.337820010826633 1.255413102580367e-06
20.435325679288496 1.2395362122829804e-06
20.53329881945466 1.3529317448181323e-06
20.631741672526047 1.3647447232774992e-06
20.730656490448578 1.3222474296533587e-06
20.830045535964686 1.1392668945137376e-06
20.92991108266506 1.0892189853587553e-06
21.030255415040717 1.1622984390888171e-06
21.131080828535165 1.1613687088194237e-06
21.232389629596987 1.1437010483101722e-06
21.334184135732578 9.927290913967905e-07
21.436466675559153 1.0073590443076182e-06
21.539239588858027 1.071031152677698e-06
21.642505226628145 1.0844946947019751e-06
21.746265951139836 1.0439442352242284e-06
21.85052413598888 1.024629229308857e-06
21.955282166150788 9.214019680836583e-07
22.060542438035363 9.923911723645037e-07
22.166307359541545 1.0320472495032051e-06
22.272579350112444 8.621867290408938e-07
22.379360840790724 9.381100787534798e-07
22.4866542742742 8.520333515787638e-07
22.594462104971726 9.108167104043474e-07
22.70278679905933 9.025928684836515e-07
22.811630834536633 8.974833793839979e-07
22.920996701283542 8.581810426155471e-07
23.030886901117206 8.751472083356638e-07
23.141303947849234 8.665147707012705e-07
23.2522503673432 7.857275007413466e-07
23.363728697572473 8.135091672505574e-07
23.47574148867819 6.835127889897322e-07
23.58829130302766 7.672460231800318e-07
23.70138071527295 6.988743921697911e-07
23.815012312409788 7.400321821614865e-07
23.92918869383675 6.939158800670335e-07
24.043912471414707 7.1364676859774e-07
24.15918626952659 7.273220612971732e-07
24.275012725137408 6.560175522980864e-07
24.39139448785459 6.084733104454916e-07
24.508334219988576 6.613574461288459e-07
24.625834596613718 5.978943975077386e-07
24.743898305629525 6.467452608285539e-07
24.86252804782207 6.268818381778294e-07
24.98172653692583 6.144528649288994e-07
25.10149649968574 6.074032146995307e-07
25.221840675919577 5.657135439103724e-07
25.342761818580637 5.353862024629609e-07
25.46426269382071 5.348534186745504e-07
25.58634608105335 5.333608713195765e-07
25.709014773017465 5.688942350081154e-07
25.832271575841194 5.454894598212857e-07
25.9561193091061 5.411020563863336e-07
26.080560805911706 5.047010983985158e-07
26.205598912940236 5.098537491430054e-07
26.33123649052178 4.975406599013691e-07
26.45747641269972 4.947800350503233e-07
26.584321567296474 4.749898087740848e-07
26.711774855979552 4.2399950506773817e-07
26.83983919432794 4.855709401015328e-07
26.968517511898785 4.686670842808536e-07
27.09781275229443 4.538009023815031e-07
27.22772787322973 3.762258333401312e-07
27.358265846599707 4.4038038991679406e-07
27.489429658547593 3.884988079198479e-07
27.621222309533056 3.9219637581753223e-07
27.753646814400888 4.0581621014317777e-07
27.886706202449954 3.8027190295347907e-07
28.020403517502498 3.700691211049401e-07
28.15474181797378 3.301897331765756e-07
28.289724176942013 3.8047124608378123e-07
28.425353682218685 3.4817296586766586e-07
28.561633436419193 3.594631243550842e-07
28.698566557033804 3.485917680845433e-07
28.836156176498964 3.5951416139657117e-07
28.974405442269013 3.4802144194455476e-07
29.113317516888102 3.4086699365057896e-07
29.252895578062578 2.961004819908878e-07
29.393142818733686 3.231302356511365e-07
29.534062447150593 3.158990283003326e-07
29.67565768694379 3.2359486368356254e-07
29.81793177719882 2.927063758436904e-07
29.960887972530386 3.0349735711419114e-07
30.104529543156804 2.89383586376696e-07
30.248859774974807 2.664865097645451e-07
30.39388196963469 2.7381376550320887e-07
30.539599444615913 2.5639959222478814e-07
30.686015533302882 2.621473334667236e-07
30.833133585061283 2.380324227081301e-07
30.980956965314668 2.563183045854622e-07
31.129489055621452 2.6145846947717026e-07
31.278733253752264 2.5835289282151226e-07
31.428692973767678 2.5545082007435455e-07
31.579371646096302 2.4425551958394884e-07
31.730772717613263 2.3008975984542672e-07
31.88289965171905 2.27109852546616e-07
32.03575592841872 2.317821273410618e-07
32.18934504440159 2.1851067225487117e-07
32.343670513121104 2.1686256207611248e-07
32.498735864875286 2.1818648730525568e-07
32.65454464688749 2.0657372110891904e-07
32.8111004233875 2.1362683128290483e-07
32.96840677569314 1.9593072835604368e-07
33.12646730229212 1.9732794912612824e-07
33.28528561892441 1.9021147023699018e-07
33.444865358664934 1.8818127768780037e-07
33.605210172006664 1.8826836637901932e-07
33.76632372694413 1.9258588200115498e-07
33.928209709057384 1.842121471815697e-07
34.09087182159624 1.8078654619700484e-07
34.25431378556498 1.6985542210001736e-07
34.418539339807566 1.6496462338681536e-07
34.583552241093074 1.591777010958371e-07
34.749356264201666 1.6355700121884652e-07
34.91595520201097 1.5552396665952272e-07
35.08335286558279 1.590815345722883e-07
35.251553084250325 1.5155839042543558e-07
35.42055970570576 1.515428845811059e-07
35.59037659608828 1.446801466528692e-07
35.76100764007253 1.528724211048381e-07
35.93245674095742 1.432309580403488e-07
36.1047278207555 1.4396853609523257e-07
36.2778248202826 1.439695598541757e-07
36.45175169924805 1.3968992128276618e-07
36.62651243634519 1.2765798384401844e-07
36.80211102934244 1.2155201167537387e-07
36.97855149517474 1.2315791027296456e-07
37.15583787003543 1.265002704417416e-07
37.33397420946855 1.2170616282657172e-07
37.51296458846169 1.1598373582514213e-07
37.69281310153913 1.1810311470604718e-07
37.8735238628556 1.1911730209937836e-07
38.05510100629025 1.1053421916391885e-07
38.237548685541356 1.1225950250442999e-07
38.42087107422127 1.0520225988874396e-07
38.605072365951884 1.0351487122266686e-07
38.790156774460606 9.923814336316605e-08
38.97612853367673 1.0182521249606196e-07
39.16299189782827 1.0375219049570077e-07
39.35075114153932 9.569177679094713e-08
39.5394105599278 1.0002721944614859e-07
39.728974468703726 9.858977383496671e-08
39.91944720426796 9.84510731113701e-08
40.11083312381136 9.525380307388293e-08
40.30313660541448 9.448542262978895e-08
40.49636204814771 8.908307196724746e-08
40.69051387217193 8.775854150477273e-08
40.885596518839606 8.5501017739371e-08
41.08161445079639 8.267190023555144e-08
41.2785721520832 8.640089387266623e-08
41.476474128238834 7.635474803668289e-08
41.67532490640297 7.782614755792459e-08
41.875129035419775 7.486194219920422e-08
42.075891085942 7.983842321088808e-08
42.27761565053542 6.94603136468976e-08
42.48030734378399 6.951772742998184e-08
42.683970802395386 7.510321425653439e-08
42.88861068530706 7.400656327256726e-08
43.09423167379281 7.154746913820364e-08
43.3008384715699 7.090900517187303e-08
43.508435804906604 6.781755037308695e-08
43.7170284227304 6.694001194829547e-08
43.92662109673653 6.076232014043283e-08
44.13721862149719 6.258855497102321e-08
44.34882581457125 6.416767446702704e-08
44.561447516614365 5.679471553928179e-08
44.775088591489784 6.143400364105672e-08
44.98975392637957 6.044993271872141e-08
45.20544843189644 5.879000207763304e-08
45.42217704219607 5.7717479139661364e-08
45.63994471508995 5.1099095531381415e-08
45.85875643215886 5.614662071443226e-08
46.07861719886675 5.4649039607965876e-08
46.2995320446753 5.3508180276755366e-08
46.52150602315893 4.749253786041622e-08
46.74454421212047 5.037626667043288e-08
46.96865171370725 5.177201795581699e-08
47.19383365452783 4.846716783900777e-08
47.42009518576928 4.910284241174773e-08
47.64744148331505 4.7434187833388606e-08
47.875877747863306 4.644367095004914e-08
48.10540920504598 4.6608631303430597e-08
48.33604110554822 4.545979260245393e-08
48.56777872522858 4.128107191326342e-08
48.80062736523967 4.384266998150023e-08
49.034592352149396 4.098150696042387e-08
49.26967903806294 4.261705099076895e-08
49.505892800744995 4.159602666406833e-08
49.74323904374293 4.1029371994528375e-08
49.98172319651036 3.8448288326381495e-08
50.221350714531326 3.96806544786204e-08
50.46212707944513 3.8788204159121533e-08
50.70405779917171 3.824660677852653e-08
50.94714840803762 3.7374633362598547e-08
51.191404466902675 3.5463180886895425e-08
51.436831563287136 3.509645730308282e-08
51.683435311499494 3.298351980751696e-08
51.931221352765 3.4275140792905635e-08
52.180195355354606 3.398554245275579e-08
52.43036301471465 3.319940498930679e-08
52.68173005359721 3.2442445132463234e-08
52.93430222219094 2.989568339478242e-08
53.18808529825265 3.087852049013977e-08
53.443085087239474 3.0318753665248175e-08
53.69930742244165 2.9620635173007e-08
53.95675816511598 2.9746589792403335e-08
54.21544320461992 2.830535726581483e-08
54.47536845854628 2.8731224370915165e-08
54.736539872858565 2.7453502744054608e-08
54.998963422027124 2.7005272405998178e-08
55.262645109165646 2.6834842037809775e-08
55.52759096616858 2.5757549312323113e-08
55.79380705384912 2.5330184229261046e-08
56.06129946207781 2.555065359997839e-08
56.33007430992191 2.4400667560225802e-08
56.60013774578532 2.4214706880077216e-08
56.87149594754925 2.373530137398985e-08
57.14415512271354 2.2565741080445513e-08
57.4181215085387 2.2976796068578572e-08
57.69340137218847 2.2114167038566018e-08
57.970001010873396 2.2237655237735063e-08
58.247926751994676 2.1631420527009883e-08
58.52718495328899 2.0829822253553626e-08
58.80778200297394 2.090731495206985e-08
59.08972431989419 2.0537913855396088e-08
59.37301835366828 2.017769502004771e-08
59.657670584836175 1.8326420752219298e-08
59.94368752500752 1.9519768937237867e-08
60.23107571701057 1.8603045793485264e-08
60.519841735041894 1.8635197886053642e-08
60.80999218481672 1.8236370113188057e-08
61.101533703720165 1.7900971515966768e-08
61.394472960958886 1.772540130627982e-08
61.688816657713765 1.6231833987027988e-08
61.984571527293184 1.7083522792321173e-08
62.28174433528704 1.6803304466085563e-08
62.5803418797215 1.6237052594499932e-08
62.88037099121457 1.6115197300319885e-08
63.18183853313226 1.580681449964534e-08
63.48475140174566 1.529876826195971e-08
63.789116526388675 1.521232516622028e-08
64.0949408696165 1.4837452112085171e-08
64.402231427365 1.4229348398061351e-08
64.71099522911061 1.4153418567294037e-08
65.02123933803122 1.39724384010372e-08
65.33297085116776 1.342738482921081e-08
65.64619689958649 1.3419007479762254e-08
65.96092464854217 1.3051232362857412e-08
66.27716129764197 1.2573602664547024e-08
66.59491408101016 1.2698438908385196e-08
66.91419026745358 1.2487565131901437e-08
67.23499716062791 1.1706744215366746e-08
67.55734209920482 1.2079556888720017e-08
67.88123245703977 1.1656933963922061e-08
68.20667564334073 1.1370098920143759e-08
68.53367910283762 1.1225364446705215e-08
68.86225031595268 1.068160066600605e-08
69.19239679897156 1.0568044041223722e-08
69.52412610421521 1.0282042138615282e-08
69.85744582021279 1.0371504733317898e-08
70.19236357187506 1.0303268678531627e-08
70.528887020669 1.0047580786458829e-08
70.86702386479294 9.944199825195229e-09
71.20678183935267 9.339202353783912e-09
71.54816871653853 9.320607235000933e-09
71.89119230580299 8.655307202577611e-09
72.23586045403943 9.188271196946644e-09
72.58218104576163 9.06217830841372e-09
72.9301620032841 8.714308138307052e-09
73.27981128690331 8.632982289175962e-09
73.63113689507985 8.423383687807121e-09
73.98414686462132 8.371490125797252e-09
74.3388492708662 7.360921485922165e-09
74.69525222786862 7.985331728543235e-09
75.05336388858387 7.871031787631473e-09
75.41319244505516 7.766578209663523e-09
75.77474612860055 7.450499237781618e-09
76.13803321000184 7.3670789899696015e-09
76.50306199969316 7.321965467675316e-09
76.86984084795169 7.1912289828093645e-09
77.23837814508805 7.041306743437312e-09
77.60868232163878 6.9086545258987345e-09
77.98076184855898 6.780624551467389e-09
78.35462523741583 6.6593983717009674e-09
78.73028104058386 6.473539071701166e-09
79.10773785143994 6.283341995319106e-09
79.48700430456054 6.284753452188658e-09
79.86808907591856 6.136072406418266e-09
80.25100088308247 6.03683564170136e-09
80.63574848541508 5.9054524345113144e-09
81.02234068427455 5.8097735889565046e-09
81.41078632321515 5.626174161908055e-09
81.80109428818997 5.5634280832339455e-09
82.19327350775416 5.4703191998799094e-09
82.58733295326873 5.3307830454378675e-09
82.9832816391065 5.265836993037047e-09
83.38112862285755 5.169524810741672e-09
83.78088300553716 5.079948945818239e-09
84.1825539317933 4.9797467457970185e-09
84.58615059011645 4.644685146944905e-09
84.99168221304917 4.725328358391429e-09
85.399158077398 4.690599097556015e-09
85.80858750444493 4.591294377017593e-09
86.21997986016123 4.51098316118445e-09
86.63334455542154 4.426828636140671e-09
87.04869104621876 4.3503135453003104e-09
87.46602883388108 4.265396416952946e-09
87.88536746528854 4.079387055659941e-09
88.3067165330922 4.089668630806127e-09
88.73008567593281 4.025582496960002e-09
89.1554845786621 3.953881107410874e-09
89.58292297256347 3.799385266123207e-09
90.01241063557545 3.5762645296345544e-09
90.4439573925146 3.7286329968109965e-09
90.87757311530092 3.6581128756455173e-09
91.31326772318333 3.5906957570126816e-09
91.7510511829664 3.520170933037012e-09
92.19093350923895 3.4302369757773006e-09
92.63292476460238 3.3499221273992913e-09
93.07703505990162 3.3229856629709594e-09
93.52327455445568 3.2594043783250426e-09
93.97165345629085 3.1953358396515083e-09
94.42218202237332 3.1357964375883708e-09
94.87487055884475 2.906093428036277e-09
95.3297294212571 2.961427945048681e-09
95.78676901481035 2.960868269293679e-09
96.2459997945901 2.9000099907736206e-09
96.70743226580653 2.767928802003704e-09
97.1710769840354 2.790488446528456e-09
97.63694455545861 2.739991685529913e-09
98.10504563710784 2.687918836784992e-09
98.57539093710726 2.629437402156184e-09
99.04799121491956 2.498370977658052e-09
99.52285728159107 2.4377694962225877e-09
100.0 2.4818143826968745e-09
