 Wavelength    Flux  
0.2 9.215083972250743e-10
0.2002583221197802 6.03651549973508e-10
0.2005169778911482 7.645272689524994e-10
0.20077596774505196 8.944551453172215e-10
0.20103529211299606 9.816854086538828e-10
0.20129495142704232 9.197320339854154e-10
0.20155494611981073 9.67539420078797e-10
0.20181527662447996 1.0146917291039194e-09
0.20207594337478824 7.824785683126957e-10
0.202336946805034 8.378095831990432e-10
0.20259828735007662 1.0876814746268317e-09
0.20285996544533713 9.084998455663849e-10
0.203121981526799 1.1933472751824067e-09
0.20338433603100875 1.2399839439027205e-09
0.2036470293950768 1.0665634882098527e-09
0.20391006205667817 1.1687982831658249e-09
0.2041734344540531 1.4290530230033714e-09
0.20443714702600793 1.304149663509228e-09
0.20470120021191576 1.4885193680700745e-09
0.2049655944517172 1.5303311336807317e-09
0.20523033018592104 1.580360558093149e-09
0.2054954078556051 1.6244384369779871e-09
0.20576082790241687 1.811262004741769e-09
0.20602659076857424 1.8051639082217065e-09
0.20629269689686633 1.399736723313217e-09
0.20655914673065415 1.2881765212653696e-09
0.2068259407138714 1.7669883560719966e-09
0.20709307929102505 1.87018840168246e-09
0.20736056290719634 2.219420266833262e-09
0.20762839200804134 2.7326707418623275e-09
0.20789656703979165 1.6570865697589243e-09
0.20816508844925535 1.9656144728157043e-09
0.20843395668381753 1.8665008778531515e-09
0.2087031721914412 4.955798373984037e-09
0.20897273542066788 4.229744741488901e-09
0.20924264682061852 4.350090262140783e-09
0.2095129068409941 1.8483570531521792e-09
0.20978351593207645 3.4714947558238137e-09
0.210054474544729 1.945071424220865e-09
0.21032578313039751 6.061492919081328e-09
0.21059744214111087 2.160471845777795e-09
0.21086945202948174 5.246143302081022e-09
0.21114181324870743 8.31917754491338e-09
0.2114145262525706 4.769215208169737e-09
0.21168759149544 4.312484781444084e-09
0.2119610094322713 1.008641413217586e-08
0.21223478051860775 3.3268468859106634e-09
0.212508905210581 2.436447636731393e-09
0.21278338396491178 3.1317040215379364e-09
0.21305821723891086 6.333255776275412e-09
0.21333340549047955 5.008926141731394e-09
0.21360894917811066 3.472247763172823e-09
0.21388484876088917 3.876320145630893e-09
0.21416110469849303 3.3184332188869743e-09
0.21443771745119392 1.4269711400183754e-08
0.214714687479858 6.889545830723857e-09
0.21499201524594666 4.910843303716534e-09
0.21526970121151737 2.4896191997385994e-09
0.2155477458392244 5.955153031893454e-09
0.21582614959231952 1.358321494268269e-08
0.21610491293465292 9.511561694491037e-09
0.21638403633067385 4.775063702830371e-09
0.21666352024543148 1.3465819683853375e-08
0.21694336514457566 4.96210320588833e-09
0.21722357149435761 4.383201856902883e-09
0.2175041397616308 5.526878471574179e-09
0.21778507041385176 3.6754058566922602e-09
0.21806636391908063 7.083734401321261e-09
0.21834802074598228 4.567524163800183e-09
0.21863004136382683 3.761730575457788e-09
0.21891242624249047 4.8221695477015575e-09
0.21919517585245638 1.447406595731446e-08
0.21947829066481533 6.491629002681926e-09
0.21976177115126666 8.753800826015427e-09
0.22004561778411885 1.3149108724509443e-08
0.2203298310362905 2.7937089907432004e-08
0.220614411381311 3.843459622719613e-09
0.22089935929332136 3.776990890329448e-09
0.22118467524707502 1.7151403986623906e-08
0.2214703597179386 9.81639887968391e-09
0.22175641318189265 4.4155260836342985e-09
0.22204283611553263 1.1262993321079061e-08
0.22232962899606945 1.1571874076110571e-08
0.22261679230133047 5.9777773109816705e-09
0.22290432650976016 1.4624148876013276e-08
0.22319223210042102 4.516811587961834e-09
0.22348050955299428 1.154570330173527e-08
0.2237691593477807 9.588209465573473e-09
0.2240581819657014 1.7669624682077487e-08
0.22434757788829876 1.0271945382634825e-08
0.224637347597737 2.4304406326885076e-08
0.22492749157680322 4.69148095181737e-08
0.225218010308908 1.0687941325301432e-08
0.22550890427808634 4.1587663445003996e-08
0.22580017396899843 3.0513188520844904e-09
0.22609181986693044 4.4718790399511326e-09
0.22638384245779536 2.405337455486273e-08
0.22667624222813373 8.128612775362929e-09
0.2269690196651146 2.2232265303109432e-08
0.2272621752565362 7.65370625859498e-09
0.2275557094908268 6.924322089798428e-08
0.22784962285704555 1.1070487552254383e-08
0.22814391584488328 3.042370806268e-08
0.22843858894466326 1.878725557400719e-08
0.22873364264734214 2.2407637164881056e-08
0.22902907744451065 5.1581435938054486e-08
0.22932489382839447 8.856972478687265e-09
0.229621092291855 7.041593639070037e-08
0.22991767332839036 5.761044575031479e-08
0.23021463743213594 1.304908319406455e-08
0.2305119850978654 1.698557017104391e-08
0.23080971682099147 6.789545622786357e-09
0.23110783309756677 9.551289203531834e-08
0.2314063344242846 1.3680607763415298e-08
0.23170522129847979 3.0680527569800235e-08
0.23200449421812958 1.252693104508124e-07
0.23230415368185434 3.1340281341959445e-08
0.2326042001889185 1.974093740283857e-08
0.23290463423923136 6.455280044990708e-08
0.23320545633334788 1.6026173498129293e-07
0.23350666697246955 8.28311109322908e-08
0.2338082666584452 3.7949948291368186e-08
0.23411025589377188 1.7385903689535932e-07
0.23441263518159566 7.59158760325482e-08
0.23471540502571248 3.4756697766112804e-08
0.235018565930569 1.6557237844849958e-08
0.23532211840126338 1.2460668756139382e-08
0.23562606294354627 6.890375897631315e-08
0.23593040006382143 7.964145973448116e-08
0.23623513026914678 6.05338792924272e-08
0.2365402540672351 1.0979664242587161e-07
0.23684577196645507 2.9485335099375156e-08
0.2371516844758318 6.541511202901856e-08
0.23745799210504795 6.820050111033194e-08
0.23776469536444456 3.067567344452324e-08
0.2380717947650217 6.768325882927654e-08
0.23837929081843953 2.1814952648431132e-07
0.2386871840370191 3.273875846679327e-08
0.2389954749337431 5.174199148123525e-08
0.23930416402225688 2.9152109111726627e-08
0.23961325181686913 4.183062694237373e-08
0.23992273883255288 5.5688121828218834e-08
0.24023262558494632 2.5400457970385993e-07
0.24054291259035362 4.761400848033734e-08
0.2408536003657458 8.415911120551895e-08
0.24116468942876162 5.856434917674415e-08
0.24147618029770843 2.999018777404992e-08
0.24178807349156306 4.992596288457534e-08
0.24210036952997258 8.12421175370971e-08
0.2424130689332553 2.009786881795373e-07
0.24272617222240156 4.1537020947442766e-07
0.24303967991907466 1.5401196641220673e-07
0.2433535925456116 6.845657542718732e-08
0.2436679106250241 2.477988938229464e-07
0.2439826346809994 1.3880309533323158e-07
0.24429776523790114 2.4339551705189963e-07
0.24461330282077018 1.5581675166543477e-07
0.24492924795532564 1.98912676001114e-07
0.24524560116796554 5.338743498721325e-07
0.2455623629857679 4.3723144966016665e-07
0.24587953393649145 1.2936175277003947e-07
0.24619711454857662 2.880511113254445e-07
0.24651510535114637 1.0357204657193061e-07
0.24683350687400707 1.3559144335085196e-07
0.2471523196476494 1.080528113706992e-06
0.24747154420324924 2.5086680973942015e-07
0.2477911810726685 2.472598971214165e-07
0.24811123078845612 3.852874813738885e-07
0.2484316938838488 5.6245553327919746e-08
0.24875257089277208 1.515208202050505e-07
0.24907386234984102 5.276498170188326e-08
0.24939556879036126 1.069451044796334e-07
0.2497176907503298 1.9074970289647758e-07
0.25004022876643595 4.3420629670744883e-07
0.2503631833760623 3.285156102352452e-07
0.2506865551172853 4.5088630733383806e-07
0.25101034452887677 1.0971638165776484e-07
0.25133455215030404 5.270178561156173e-07
0.25165917852173136 1.6364392939879112e-07
0.25198422418402067 8.727758814032854e-08
0.2523096896787326 1.0134268461401764e-07
0.252635575548127 3.7421934338845394e-07
0.25296188233516437 3.662012351149278e-07
0.2532886105835064 3.302890560437945e-07
0.2536157608375169 4.890870473935837e-07
0.25394333364226296 3.3661000313422095e-07
0.2542713295435155 4.6136175946944697e-07
0.2545997490877505 2.2890017837286044e-07
0.25492859282214975 2.752906341520887e-07
0.2552578612946017 2.8293070660627607e-06
0.25558755505370256 3.872636643202489e-07
0.2559176746487571 6.223047850062847e-07
0.2562482206297795 8.552622108390693e-07
0.25657919354749437 2.0882723469876827e-07
0.25691059395333776 3.890380532366832e-07
0.2572424223994578 3.0785927292731045e-07
0.25757467943871587 4.4445283766166683e-07
0.2579073656246874 4.023297914825496e-07
0.25824048151166284 5.901380024170272e-07
0.25857402765464854 9.192676353890423e-07
0.2589080046093678 3.165885663026187e-07
0.2592424129322615 3.258514498154802e-07
0.25957725318048946 6.728236769267246e-06
0.2599125259119309 3.7978840865430557e-07
0.26024823168518585 2.513854468244077e-07
0.26058437105957566 9.113769901812193e-07
0.26092094459514414 2.120296547050232e-06
0.2612579528526584 3.6448045367839313e-07
0.26159539639361007 8.769153217745565e-07
0.2619332757802157 3.792378053025964e-06
0.26227159157541824 1.2091410014168621e-06
0.26261034434288766 1.937229601421434e-06
0.2629495346470219 7.658899086234477e-06
0.2632891630529481 3.813063320502878e-06
0.26362923012652295 1.3993679959272283e-06
0.26396973643433447 1.0778583516302977e-05
0.2643106825437021 5.810111303237495e-06
0.2646520690226783 1.487572767545343e-06
0.264993896440049 1.4739949881719463e-05
0.265336165365335 1.2502751349704032e-06
0.26567887636879256 3.317592928660567e-06
0.26602203002141456 1.5278915586343892e-06
0.2663656268949313 1.4688853462826805e-06
0.2667096675618117 1.1792918501909792e-06
0.2670541525952639 3.3894701993035694e-07
0.2673990825692364 4.861443604593923e-07
0.2677444580584192 3.998539428597623e-06
0.2680902796382444 3.6917682577745226e-07
0.2684365478848874 2.486228029281989e-06
0.2687832633752679 9.023440849038377e-07
0.26913042668705056 5.827005223786694e-07
0.26947803839864626 1.4323757075945688e-06
0.26982609908921296 1.0439930832172918e-06
0.27017460933865667 3.3634164771491627e-06
0.27052356972763236 4.529890149121037e-06
0.2708729808375451 5.404638314135287e-06
0.2712228432505507 8.201904540894582e-06
0.27157315754955713 5.302702892241438e-06
0.2719239243182251 4.0835600939655776e-07
0.2722751441409692 1.3798566780560334e-06
0.2726268176029589 7.391878632895286e-06
0.2729789452901195 9.20353458933617e-07
0.27333152778913306 8.55459758025628e-07
0.2736845656874392 4.167311579965765e-06
0.2740380595732367 7.568405970194732e-06
0.2743920100354837 5.6161847926981275e-06
0.27474641766389923 5.126260829352325e-06
0.275101283048964 6.206519502865343e-07
0.27545660678192124 1.6169064757395165e-06
0.27581238945477804 2.711658098991406e-06
0.276168631660306 2.7096901144794533e-05
0.2765253339920424 1.3353777821980772e-05
0.2768824970442911 7.830912625055898e-06
0.2772401214121236 9.973142602473415e-06
0.2775982076913801 7.932148498158402e-06
0.27795675647867013 3.922153430074416e-06
0.2783157683713741 2.0232828641448814e-06
0.2786752439676438 4.8720582407137875e-06
0.2790351838664037 2.38353433489753e-05
0.27939558866735176 1.715482769553736e-06
0.2797564589709607 1.3346700516147055e-05
0.28011779537847853 1.038567447688707e-05
0.2804795984919301 7.3655087690027935e-06
0.2808418689141177 2.6565628183032557e-06
0.28120460724862234 2.3769377195902448e-05
0.2815678140998044 8.147530343894943e-06
0.28193149007280505 5.832932261485456e-06
0.282295635773547 4.017001888098159e-06
0.28266025180873555 5.4660471736500145e-06
0.28302533878585967 1.2362731981251839e-05
0.283390897313193 2.4830383611530833e-06
0.28375692799979474 8.771049743831554e-06
0.28412343145551083 1.8309336952390556e-06
0.2844904082909748 4.236921452436835e-06
0.2848578591176091 2.334062230193312e-06
0.2852257845476256 8.500588496436291e-07
0.28559418519402713 2.188909663936165e-06
0.28596306167060814 4.622076193057804e-06
0.2863324145919561 3.991771094750061e-06
0.2867022445734519 8.84482615740943e-06
0.28707255223127165 1.2301802702228645e-05
0.28744333818238704 1.1938045075402837e-05
0.28781460304456685 2.071483860206744e-06
0.28818634743637767 1.1276136656782658e-05
0.288558571977185 5.901266146941669e-06
0.2889312772871544 2.532080666946165e-05
0.28930446398725246 4.296695965962719e-05
0.28967813269924775 1.4490346519848536e-05
0.2900522840457119 2.4833890154761877e-05
0.29042691865002074 4.319512610376062e-05
0.2908020371363552 4.7462556424601145e-05
0.2911776401297025 6.33820849095602e-06
0.2915537282558569 8.495317091918553e-05
0.29193030214142124 6.57705859818219e-05
0.29230736241380745 3.4431997224551216e-05
0.29268490970123784 9.672762459185398e-05
0.2930629446327463 1.353419355419293e-05
0.29344146783817904 9.931148361260231e-06
0.2938204799481959 7.774815393993116e-06
0.2941999815942711 1.879593826050392e-05
0.2945799734086947 9.9294117207084e-06
0.29496045602457327 1.2352370025601756e-05
0.29534143007583125 6.393990627028455e-05
0.2957228961972117 2.2480785979839266e-05
0.2961048550242777 4.218263809162204e-05
0.29648730719341304 5.056021159015753e-05
0.2968702533418236 1.788997819208601e-05
0.29725369410753827 3.041732100844995e-05
0.29763763012941 8.207688270013953e-06
0.2980220620471169 9.20180633942621e-05
0.2984069905011632 8.123910253077506e-06
0.29879241613288066 3.070382744906552e-05
0.2991783395844291 6.991818402695713e-05
0.29956476149879785 7.66473902797227e-06
0.2999516825198069 2.9360614474360595e-05
0.3003391032921076 2.0838696412333664e-06
0.3007270244611841 4.5105976129815415e-05
0.30111544667335405 6.357259042802869e-05
0.3015043705757701 1.2571631636243508e-05
0.3018937968164207 1.2804565718868347e-05
0.30228372604413123 1.0203786579664176e-05
0.3026741589085651 6.021875059876348e-07
0.30306509606022475 9.885996500079243e-05
0.30345653815045304 4.725284591566066e-05
0.3038484858314339 7.0129917461447325e-06
0.30424093975619376 6.104081328718716e-05
0.3046339005786024 8.920516557897612e-05
0.30502736895337423 3.1296126402078135e-05
0.30542134553606926 3.386568355729728e-05
0.30581583098309423 1.685216951230076e-05
0.3062108259517036 9.711447704421033e-05
0.306606331100001 8.613656182374716e-05
0.3070023470869399 0.0002589701436243615
0.30739887457232484 5.118121742104217e-05
0.3077959142168126 0.0001609537758350878
0.30819346668191344 2.7458543120630806e-05
0.3085915326299918 8.676489355456919e-05
0.30899011272426774 0.00010044973874271617
0.309389207628818 4.598502608862587e-06
0.3097888180085769 3.1173382414950775e-05
0.3101889445293377 3.220912469465778e-05
0.3105895878577537 0.0002341860040882373
0.310990748661339 0.0002714492037257047
0.3113924276084701 0.00022486005647050217
0.31179462536838665 0.00040201306259346074
0.3121973426111928 0.00014733933861251397
0.31260058000785806 0.00045560115807143927
0.3130043382302188 0.0001019304278102718
0.31340861795097885 0.0001788017707627936
0.3138134198437112 0.0002969785851406361
0.31421874458285864 0.0005057337055546004
0.31462459284373523 0.00045575149925212126
0.31503096530252706 0.0004373120559037493
0.31543786263629375 0.0001241584948441958
0.3158452855229694 0.00044529755523545244
0.31625323464136373 0.00040841103613868435
0.31666171067116317 0.00019342345335085704
0.31707071429293215 0.00023063799730972141
0.31748024618811393 0.0006342742964965506
0.31789030703903215 7.87641939455835e-05
0.3183008975288916 0.00011596349078512654
0.3187120183417796 0.00013530840463192928
0.3191236701626669 0.00028618461922675124
0.31953585367740917 4.367734241744901e-05
0.3199485695727477 0.00038578527131277946
0.320361818536311 0.0005582831806704247
0.3207756012566157 0.00023461407608943823
0.3211899184230675 0.00031669046194330344
0.32160477072596283 0.00010838663506484006
0.32202015885648955 0.0001739549282992334
0.32243608350672837 0.00034588928182682045
0.3228525453696537 0.00040007605094906286
0.32326954513913525 0.000568791375016248
0.32368708350993886 0.00027659294287325905
0.3241051611777276 6.259033263394721e-05
0.3245237788390632 0.0003501719810167803
0.32494293719140704 1.3035901800621138e-05
0.32536263693312145 0.0004797336120595992
0.3257828787634706 0.0006344479314748592
0.3262036633826219 0.0006819933686178056
0.3266249914916472 0.0002966401703980523
0.32704686379252373 0.00015924546905059326
0.32746928098813544 8.76224266544096e-05
0.3278922437822741 0.00013728394142454797
0.3283157528796407 0.0003584086992563453
0.32873980898584615 0.000330653433018976
0.3291644128074129 0.0001271433218664738
0.32958956505177595 0.000878304264956361
0.3300152664272839 0.0010968429809846223
0.33044151764320046 0.0001578996407832427
0.3308683194097053 0.00036643882805477526
0.33129567243789537 0.0009848360040237412
0.33172357743978614 0.0004904514042111754
0.3321520351283127 0.00034774078907695864
0.3325810462173309 0.00038896448541240417
0.33301061142161875 0.0004797628384070722
0.33344073145687736 0.0004054947534812231
0.3338714070397323 0.0008304164482795419
0.33430263888773476 0.00010391877860893742
0.3347344277193627 0.0008557344437409336
0.335166774254022 0.00041509297539572745
0.3355996792120479 0.00024895716457327537
0.3360331433147059 0.00029020565790946484
0.3364671672841931 0.0008709490550396937
0.3369017518436396 0.0003878585037285031
0.33733689771710906 0.00029635046969700955
0.3377726056296008 0.0006006609475134694
0.3382088763070504 0.00016209782584395652
0.33864571047633085 0.00040144945045407396
0.3390831088652544 0.0006208930176520596
0.33952107220257305 0.0004636635656659536
0.33995960121798 8.057195146187891e-05
0.3403986966421113 0.0010655888517155875
0.34083835920654626 0.00022271652938977299
0.3412785896438094 0.0005700716780282489
0.3417193886873713 0.00034704729092849236
0.34216075707164983 0.0007524336096431894
0.3426026955320115 0.0003201054313688831
0.34304520480477263 0.0007488774187775289
0.3434882856272006 0.00011271208441042761
0.34393193873751493 0.00022000749112931266
0.34437616487488887 0.00017999146532226385
0.34482096477945007 0.00027037901928864583
0.34526633919228245 0.00025073316657471436
0.3457122888554269 0.0007641585717603119
0.3461588145118828 0.00028061877520700135
0.3466059169056093 0.00026055062087731025
0.3470535967815263 0.00014763985267608168
0.347501854885516 1.7748965849653637e-05
0.34795069196442385 0.0006944810585482181
0.34840010876606 2.88530216234796e-05
0.3488501060392004 0.0003761002877767006
0.3493006845335883 0.00028379569356676727
0.3497518449999352 0.0005776467622131343
0.35020358818992225 0.0002211018310577156
0.35065591485620146 0.0012355770979290042
0.35110882575239705 0.00014385535670531196
0.35156232163310647 0.0001084396018144456
0.35201640325390193 0.0008190011735695853
0.35247107137133166 0.00016353671475510066
0.3529263267429208 0.0004407297183888286
0.3533821701271731 0.0011216024893565487
0.3538386022835719 0.0014799080376657094
0.35429562397258163 0.0008582473335993621
0.3547532359556488 0.0016216018393076838
0.3552114389952035 0.0008772100443883176
0.3556702338546605 0.001194618378709532
0.35612962129842074 0.0010426399915925014
0.3565896020918723 0.00032177919634547884
0.357050177001392 4.5677962095473205e-05
0.35751134679434643 0.0005542519774123406
0.35797311223909334 4.543944902867578e-06
0.35843547410498283 0.0003844091367848347
0.3588984331623589 4.019513846621006e-05
0.3593619901825603 0.00012534959416905957
0.3598261459379222 0.00040788530392453905
0.36029090120177726 0.0005569172158809999
0.360756256748457 0.0001621112770379643
0.36122221335329313 0.0006127973635337817
0.36168877179261866 0.0005407451951941477
0.3621559328437694 0.0005913811789055115
0.36262369728508526 0.0009989311157831654
0.36309206589591125 0.0007344465321972667
0.36356103945659923 0.000746665670371309
0.3640306187485088 0.0016171313627243778
0.3645008045540088 0.001038245844414702
0.36497159765647863 0.00036665886682725414
0.3654429988403095 0.00010671738317166275
0.3659150088909058 2.1163758656253837e-05
0.36638762859468615 0.0008715484083437036
0.3668608587390852 0.0022411933639997607
0.3673347001125544 0.001736829976978699
0.3678091535045639 0.001434277226415676
0.3682842197056031 0.001055596678727075
0.3687598995071828 0.001000090906916587
0.3692361937018359 0.0021518167873961947
0.369713103083119 0.001701384549062615
0.3701906284456137 0.0014824586043862185
0.37066877058492775 4.166576975448479e-05
0.3711475302976968 0.0009859082714006107
0.3716269083815852 0.0008218792150028007
0.3721069056352876 2.6591178418790196e-05
0.3725875228585303 0.0006289870950571148
0.37306876085207263 0.0003075924629912807
0.373550620417708 0.00014324917879684107
0.3740331023582654 0.00011069118961623579
0.37451620747761116 0.00017350924225568114
0.3749999365806494 0.00016275769979655637
0.3754842904733241 0.0005440026648842028
0.3759692699626202 0.00024790495785153807
0.3764548758565649 0.00025144476533613363
0.37694110896422917 0.0010996184201386243
0.3774279700957288 0.0020762697865337808
0.37791546006222604 8.074897751087841e-05
0.3784035796759309 0.0015969694603365522
0.3788923297501024 3.195835837608195e-05
0.37938171109904983 0.0020902672502696134
0.3798717245381345 0.0012513881807461084
0.3803623708837707 0.0024888106937670878
0.3808536509534272 0.0006229940683500912
0.38134556556562876 0.001899554004756613
0.38183811553995717 0.0011023414001925368
0.38233130169705287 0.0007204212181587812
0.38282512485861636 0.0006314829772673146
0.38331958584740927 0.00034036789603175444
0.38381468548725606 0.0010969564802239254
0.3843104246030452 0.0005992463767766442
0.3848068040207306 0.0017434048299523664
0.3853038245673329 0.0015780961729090282
0.3858014870709411 0.0002828179434015737
0.38629979236071366 0.0005494938911883336
0.3867987412668799 0.0016199277935151587
0.38729833462074176 0.0012588093264587997
0.38779857325467454 0.0010105650906867764
0.3882994580021289 0.00012458053221128598
0.3888009896976319 0.00023525826000071208
0.3893031691767885 0.0007893520466944443
0.3898059972762829 0.0012331142942190697
0.39030947483388007 0.0013863244507072321
0.3908136026884269 0.0011406692518039414
0.39131838167985394 0.001543827223662328
0.3918238126491764 0.00043668579792904583
0.39232989643849575 0.0006773516447565048
0.3928366338910014 0.0005907462495019891
0.39334402585097156 0.0005176338972653715
0.39385207316377496 0.0010638114754885962
0.3943607766758724 0.00040931288453651397
0.3948701372348177 0.0007228896458251631
0.3953801556892596 0.0013230906137478111
0.39589083288894295 0.0005987142040688988
0.39640216968471 0.0001899263385979297
0.396914166928502 0.0003534973051054108
0.3974268254733608 0.0012015094217461655
0.3979401461734297 0.0025473442563267797
0.39845412988395545 0.002569000635940547
0.39896877746128934 0.00246087807452285
0.39948408976288885 0.0033132982870073715
0.4000000676473189 0.0005018499334331906
0.4005167119742532 0.0030115682287592386
0.40103402360447604 0.0016440612606763228
0.40155200339988345 0.003961306789406927
0.4020706522234846 0.004129798851352035
0.4025899709394034 0.0009800365591211269
0.40310996041287994 0.0007617754971893394
0.40363062151027174 0.0009677531655255923
0.4041519550990553 0.003552450463252826
0.40467396204782774 0.00040003023147246696
0.40519664322630794 0.004352400206524407
0.40571999950533805 0.004492399407695355
0.4062440317568852 0.0038197364640134733
0.4067687408540426 0.0027710089266776293
0.40729412767103124 0.00019239962580740026
0.4078201930832012 0.0034546727334646477
0.40834693796703325 0.0014781117819949922
0.4088743632001402 0.004615242387242498
0.4094024696612683 0.002889085205183097
0.40993125823029897 0.0008776504073539314
0.41046072978825 0.004047285218940817
0.41099088521727706 0.003989703493477453
0.41152172540067533 0.0034448771072066366
0.41205325122288083 0.004680943960777193
0.41258546356947184 0.005457409057268013
0.4131183633271706 0.0021480780716127985
0.41365195138384453 0.00472428028090351
0.4141862286285079 0.004361496598394439
0.4147211959513233 0.0023754829167449316
0.4152568542436028 0.0043792399211914305
0.4157932043978101 0.001540154114030746
0.41633024730756124 0.003967995424825966
0.4168679838676267 0.0009648501129456855
0.41740641497393255 0.0024645469828085513
0.41794554152356206 0.0027633320513722874
0.41848536441475725 0.0022461102917861026
0.41902588454692025 0.00337761325284412
0.4195671028206148 0.002139078700446924
0.42010902013756807 0.0017372515541699256
0.4206516374006716 0.002202998033152913
0.4211949555139833 0.001662537060670701
0.4217389753827287 8.733356186132992e-05
0.4222836979133026 0.0005330680294644986
0.4228291240132705 0.00014148928053362415
0.42337525459137 0.0006078243957386271
0.4239220905575125 0.0009712294173577958
0.4244696328227848 0.0019309069877210057
0.42501788229945026 0.001960850358292407
0.4255668399009506 0.00019946357151078825
0.4261165065419074 0.0015958449498733563
0.42666688313812356 0.003214987636556022
0.42721797060658473 0.001632101845672485
0.4277697698654611 0.001498989113593989
0.4283222818341087 0.0026060261157210447
0.42887550743307107 0.0017266448824585301
0.4294294475840806 0.0023885507956309926
0.4299841032100603 0.0002536082003962802
0.4305394752351253 0.003270137880694964
0.4310955645845842 0.002580373011877694
0.4316523721849408 0.003718853823399452
0.43220989896389556 0.004744024541268541
0.4327681458503472 0.0020612825554717678
0.43332711377439415 0.004118528713340401
0.43388680366733623 0.0015915267249483858
0.43444721646167617 0.0051850013500601465
0.43500835309112107 0.006456426388219474
0.435570214490584 0.004799879879684012
0.4361328015961855 0.005727096003059581
0.43669611534525543 0.0048525918986063316
0.4372601566763342 0.0022238244654532806
0.4378249265291744 0.00476379012590602
0.43839042584474247 0.002538679876763364
0.4389566555652202 0.004028274369244503
0.4395236166340063 0.004827526823531998
0.440091309995718 0.005360205911184219
0.4406597365961926 0.0031265209411998137
0.4412288973824891 0.00386707611116062
0.4417987933028897 0.00472459392334898
0.44236942530690126 0.004101684010964549
0.44294079434525735 0.004067097760181206
0.4435129013699192 0.0022536185548637576
0.4440857473340779 0.005262811696481904
0.4446593331921554 0.004917350224240634
0.44523365989980657 0.004521507623976882
0.44580872841392055 0.0026962206481321157
0.4463845396926225 0.005003230795973437
0.44696109469527495 0.0045117813291494875
0.44753839438247967 0.004408841809159884
0.4481164397160792 0.006226098164562927
0.44869523165915814 0.0033346795997652983
0.44927477117604536 0.005772722322057016
0.4498550592323151 0.0033604993108348868
0.45043609679478874 0.003721971806215137
0.45101788483153643 0.005385744801697281
0.45160042431187863 0.004342509532141473
0.452183716206388 0.0028461351207160596
0.4527677614868905 0.0019120362385188821
0.4533525611264676 0.003993210310523494
0.4539381160994574 0.00694420986580221
0.45452442738145654 0.004177664723593648
0.45511149594932176 0.003938845920615044
0.45569932278117153 0.0035259265912153093
0.4562879088563876 0.0069044859030867566
0.45687725515561683 0.007917434885146441
0.45746736266077254 0.005642063075510859
0.4580582323550364 0.004832040960238396
0.45864986522285994 0.004358173027340857
0.4592422622499662 0.003921840364061216
0.4598354244233515 0.0019978244480912703
0.46042935273128677 0.0017564445209566455
0.46102404816331954 0.003320188159745117
0.46161951171027543 0.004046348926127826
0.4622157443642599 0.0074878673500148145
0.4628127471186596 0.0029429358181901704
0.46341052096814445 0.0018906874874989816
0.4640090669086691 0.0053590519541202334
0.4646083859374744 0.005993878233850304
0.4652084790530895 0.005097675249737327
0.46580934725533296 0.004784266674552977
0.466410991545315 0.008264810858561547
0.4670134129254388 0.005362778912387626
0.46761661239940217 0.0019485020635416068
0.4682205909721993 0.0021923798927733365
0.4688253496501226 0.002282910404363308
0.4694308894407641 0.008999924365380418
0.4700372113530173 0.002223297700810501
0.4706443163970786 0.008477296711081175
0.4712522055844495 0.006267855043252587
0.4718608799279378 0.0021153855847562643
0.4724703404416594 0.0038554636038042518
0.47308058814104015 0.00844930409447109
0.47369162404281734 0.008873484752341608
0.4743034491650416 0.00797928955441297
0.4749160645270784 0.006444894053555149
0.47552947114960986 0.003826016408200578
0.47614367005463637 0.004926741987648363
0.47675866226547853 0.0028461025871215346
0.4773744488067784 0.005246188933510963
0.47799103070450166 0.006934926462023177
0.47860840898593915 0.004719500735414588
0.4792265846797084 0.008179887274080762
0.4798455588157558 0.009950184528102663
0.4804653324253577 0.0058081589275053806
0.4810859065411227 0.0017717380305383105
0.48170728219699305 0.0028463225147048955
0.4823294604282464 0.007521156962772909
0.48295244227149764 0.006545723054206102
0.4835762287647006 0.008991050937677988
0.48420082094714956 0.0035535871406377566
0.4848262198594814 0.009757915226951538
0.48545242654367693 0.007490576296849634
0.48607944204306286 0.0033356133224867247
0.48670726740231346 0.004151213451094655
0.4873359036674524 0.0027202719611259404
0.48796535188585416 0.0018511405275275757
0.48859561310624633 0.008791780351485383
0.4892266883787108 0.005788165063269484
0.4898585787546859 0.006143712575016686
0.49049128528696795 0.007593837639273534
0.4911248090297131 0.009877323511701019
0.49175915103843904 0.008131663492517713
0.49239431237002673 0.006491135369778445
0.49303029408272236 0.004755495185421336
0.49366709723613883 0.004277344381000151
0.4943047228912576 0.009270147541944936
0.4949431721104307 0.007852264317892235
0.49558244595738216 0.009329431225672338
0.4962225454972099 0.001251117143445832
0.4968634717963876 0.003007275638780215
0.4975052259227665 0.005707286684482768
0.4981478089455769 0.006804668096929184
0.49879122193543024 0.009812339414593783
0.49943546596432076 0.009170882182359896
0.5000805421056272 0.0013284844255168054
0.500726451434115 0.0016512537334883602
0.5013731950259372 0.0021265983869888073
0.5020207739586375 0.009211209328386058
0.5026691893111509 0.0033672232269123126
0.5033184421638061 0.0021685796822701626
0.5039685335983272 0.00336510730585362
0.5046194646978353 0.007564313335072797
0.5052712365468507 0.004090153132129667
0.5059238502312943 0.008200922426896294
0.5065773068384898 0.003567079377799031
0.507231607457165 0.0059549802319033545
0.5078867531774541 0.005491628421680851
0.5085427450908995 0.008020087289822729
0.509199584290453 0.004211695023673316
0.5098572718704785 0.004952772807144663
0.5105158089267531 0.0064630927022169046
0.5111751965564693 0.002343668568913359
0.5118354358582369 0.0038129137010897993
0.5124965279320843 0.004113237198652111
0.5131584738794613 0.003583082844291556
0.5138212748032398 0.01052423259879203
0.5144849318077164 0.006048006522304236
0.515149445998614 0.004373959081724453
0.5158148184830837 0.002170300501053089
0.5164810503697066 0.009588412695046636
0.5171481427684955 0.003691215560035666
0.5178160967908972 0.004213539700878558
0.5184849135497939 0.001335227331790202
0.5191545941595049 0.0026205351316859037
0.5198251397357894 0.00256916416689902
0.5204965513958473 0.004106072933246417
0.5211688302583215 0.0021456553133844983
0.5218419774432999 0.009963960032033287
0.522515994072317 0.010200171174796126
0.523190881268356 0.008112068225861989
0.5238666401558505 0.008854890115396903
0.5245432718606864 0.008840315159466646
0.5252207775102038 0.008404460108325488
0.5258991582331989 0.002656003369482682
0.5265784151599259 0.002508000516252949
0.5272585494220988 0.004457123405553486
0.5279395621528935 0.0025322485536578916
0.5286214544869493 0.011555000671463677
0.529304227560371 0.01093599985631402
0.529987882510731 0.0032786920713073616
0.5306724204770709 0.011593524206992457
0.5313578425999034 0.007094481571003632
0.5320441500212145 0.0076890565774353605
0.5327313438844651 0.005249822701323831
0.533419425334593 0.005530146073464944
0.5341083955180147 0.00916895363620026
0.5347982555826277 0.008337562951659149
0.535489006677812 0.00718675329760856
0.5361806499544318 0.010843673382679064
0.5368731865648385 0.009205371554334135
0.5375666176628714 0.008426014975458196
0.53826094440386 0.009746189633288443
0.5389561679446264 0.009176271372980873
0.5396522894434866 0.007331969057175901
0.540349310060253 0.008301802581913677
0.5410472309562355 0.003911121553264438
0.5417460532942445 0.007680412836114629
0.5424457782385921 0.010635615637547929
0.5431464069550941 0.0034610752556315173
0.5438479406110722 0.008616454552910184
0.5445503803753559 0.009727279989927382
0.5452537274182842 0.0029413180244353787
0.5459579829117078 0.0034172958734304767
0.5466631480289911 0.009347099589696522
0.5473692239450139 0.005901609611987618
0.5480762118361733 0.006398913982005269
0.5487841128803863 0.0027360401775847277
0.5494929282570911 0.008803058647702117
0.550202659147249 0.009645036561549324
0.5509133067333469 0.0056611968971037145
0.5516248721993993 0.0020088380445177946
0.5523373567309493 0.005002376580635394
0.5530507615150719 0.004438396683806507
0.5537650877403749 0.005001279718586654
0.5544803365970017 0.009092115233809728
0.5551965092766324 0.008708896542689575
0.5559136069724869 0.008524142824625889
0.5566316308793258 0.0050182858204862735
0.557350582193453 0.00924224665896619
0.5580704621127176 0.008219512920863651
0.5587912718365159 0.008087226980696676
0.5595130125657932 0.005183147333006915
0.5602356855030461 0.005638866519004416
0.5609592918523243 0.006830472851027621
0.5616838328192327 0.003598868466793944
0.5624093096109333 0.008342810262718988
0.5631357234361473 0.002716410659886497
0.563863075505157 0.0033365339700243057
0.5645913670298083 0.002459982500689293
0.565320599223512 0.008023997354922038
0.566050773301246 0.006693739904530137
0.566781890479558 0.007664044058664653
0.5675139519765664 0.003968963111262411
0.5682469590119634 0.005423904271961448
0.5689809128070165 0.0011615077285247464
0.5697158145845702 0.005679006847981674
0.5704516655690491 0.00898738033831488
0.5711884669864588 0.006602367711993525
0.5719262200643883 0.00875320793873738
0.5726649260320128 0.006632688106807473
0.5734045861200945 0.006493143199548159
0.5741452015609856 0.007253025973230845
0.5748867735886298 0.008614232510547368
0.5756293034385648 0.006778491034991426
0.5763727923479239 0.004792738998852863
0.5771172415554386 0.007761805855229843
0.57786265230144 0.007652439369057391
0.5786090258278614 0.0075186886002130944
0.5793563633782405 0.005248657847672675
0.5801046661977204 0.008597355845328426
0.5808539355330532 0.006598260207181307
0.581604172632601 0.005691921595483845
0.5823553787463382 0.008757614140961057
0.5831075551258539 0.006955125153227231
0.5838607030243536 0.007430147353981329
0.5846148236966615 0.009703196857037487
0.5853699183992227 0.006148207452976717
0.5861259883901049 0.004348149135342795
0.5868830349290007 0.004979714161755271
0.5876410592772301 0.004055524534667955
0.5884000626977419 0.00274577264867982
0.5891600464551162 0.0003180453436881423
0.5899210118155666 0.002102009874562123
0.5906829600469419 0.003282512977450134
0.5914458924187286 0.0033362194941692707
0.592209810202053 0.004129208996706883
0.5929747146696831 0.0062853283144895696
0.5937406070960306 0.002664497825020812
0.5945074887571536 0.004521615528748639
0.5952753609307583 0.0032573143995743236
0.596044224896201 0.0058480349407224515
0.5968140819344906 0.004908061069053976
0.5975849333282904 0.004605153464221475
0.5983567803619207 0.005143376167210446
0.5991296243213603 0.008706615991439938
0.5999034664942493 0.004599295603119437
0.6006783081698907 0.007806470115116505
0.6014541506392527 0.006518352860807697
0.6022309951949713 0.005313422838776341
0.6030088431313516 0.007730492597028597
0.6037876957443711 0.0059852289641554235
0.6045675543316804 0.005326671880327441
0.6053484201926067 0.007740883151771152
0.6061302946281554 0.009247638449540288
0.606913178941012 0.009955403331654959
0.6076970744355448 0.00966565830686049
0.6084819824178068 0.008376856111949696
0.6092679041955379 0.009130442338867829
0.6100548410781669 0.00636122549236007
0.6108427943768142 0.010732294385859167
0.6116317654042935 0.008094643403835727
0.6124217554751141 0.004617999465361548
0.6132127659054832 0.009967541074990144
0.6140047980133081 0.009577851351998349
0.614797853118198 0.006418662475923357
0.6155919325414669 0.0026345216727243015
0.6163870376061353 0.0009562382810487858
0.6171831696369325 0.00253951372647224
0.6179803299602988 0.004096594773595136
0.6187785199043878 0.005158595491491491
0.6195777407990685 0.0056677446100833005
0.6203779939759276 0.002153630483153925
0.6211792807682718 0.004160448291382721
0.6219816025111297 0.004571717387546554
0.6227849605412543 0.002557856240751857
0.6235893561971254 0.0028141389061865345
0.6243947908189514 0.004770008734963121
0.6252012657486716 0.005497738412481883
0.6260087823299588 0.007144215236887656
0.6268173419082212 0.003965612636260685
0.6276269458306047 0.004820931920689787
0.6284375954459953 0.004479459780876045
0.6292492921050211 0.0033773805976262568
0.6300620371600548 0.003729519402658217
0.6308758319652158 0.007909566279116913
0.6316906778763725 0.008282461713241061
0.6325065762511444 0.003919625015043271
0.6333235284489048 0.007810483489839897
0.6341415358307828 0.008053639760535644
0.634960599759665 0.008870877857125252
0.635780721600199 0.005876809608512535
0.6366019027187947 0.0057742212915206145
0.6374241444836267 0.005279678687770576
0.6382474482646371 0.003256969055316524
0.6390718154335371 0.006371961482938679
0.6398972473638099 0.00804047334213019
0.6407237454307124 0.009567537785531259
0.6415513110112782 0.011345328061848889
0.6423799454843191 0.00967611607039165
0.643209650230428 0.0062582659849022655
0.6440404266319809 0.00617379907293429
0.6448722760731393 0.009037788927040971
0.6457051999398528 0.012783324566445426
0.6465391996198605 0.006968533115109153
0.6473742765026943 0.00974974441492517
0.648210431979681 0.013532727940248688
0.649047667443944 0.006219350289091039
0.6498859842904064 0.009755090485836355
0.650725383915793 0.0069801349435831194
0.6515658677186326 0.008308320478256385
0.65240743709926 0.008451149583731386
0.6532500934598191 0.011517089274668126
0.6540938382042647 0.013243045955509151
0.6549386727383651 0.005216613697594272
0.655784598469704 0.005729626232629221
0.6566316168076834 0.008570875089798669
0.6574797291635256 0.010462161242932535
0.6583289369502757 0.009539706629049795
0.6591792415828038 0.010589060991086226
0.6600306444778076 0.010792226377408478
0.6608831470538145 0.011800643696553594
0.6617367507311841 0.01077595651160676
0.6625914569321106 0.011043105489038965
0.6634472670806253 0.010963326244191106
0.6643041826025985 0.008074690775305239
0.6651622049257422 0.010247335973852701
0.6660213354796125 0.006232390035628155
0.666881575695612 0.0034822194585579338
0.6677429270069922 0.009483464016985924
0.6686053908488555 0.007688506296103543
0.6694689686581581 0.008001751294047982
0.6703336618737122 0.0051631089475331635
0.6711994719361883 0.004048415042178329
0.6720664002881177 0.005747475408485751
0.6729344483738949 0.009478872396010392
0.6738036176397803 0.0035301498126838896
0.6746739095339015 0.0086315830084243
0.6755453255062573 0.004068793812926046
0.6764178670087191 0.006650212417034928
0.6772915354950335 0.004787331557901429
0.6781663324208247 0.0043204976379393675
0.6790422592435972 0.010483532216150275
0.6799193174227377 0.012174146809839952
0.6807975084195184 0.008999187360239103
0.6816768336970983 0.004719829064476093
0.6825572947205266 0.008304981140442876
0.6834388929567448 0.007404568681476744
0.6843216298745888 0.012578116211590131
0.6852055069447919 0.0035349865601848602
0.686090525639987 0.006071694262780541
0.686976687434709 0.007190766965642809
0.6878639938053974 0.004066860938070195
0.6887524462303988 0.0053275782601026255
0.6896420461899688 0.004021815787799962
0.6905327951662755 0.00601680123887613
0.6914246946434008 0.004028568296661494
0.6923177461073441 0.012934445379523735
0.6932119510460234 0.007366218266569531
0.6941073109492792 0.006682769267558103
0.6950038273088759 0.004772295700976891
0.6959015016185046 0.010620008826312038
0.6968003353737862 0.012638810264083042
0.6977003300722725 0.013152799846226594
0.6986014872134505 0.011646433243471437
0.6995038082987433 0.005183422852040723
0.7004072948315134 0.012479389549838875
0.7013119483170653 0.013174999013344296
0.7022177702626474 0.004945261894009612
0.7031247621774551 0.008049273480856095
0.7040329255726332 0.014436646510534452
0.704942261961278 0.016114958032301355
0.7058527728584403 0.008387188220135134
0.7067644597811278 0.0032984933742043767
0.7076773242483075 0.002997913624423691
0.7085913677809085 0.005046452305842301
0.7095065919018239 0.010592711456444479
0.7104229981359143 0.01301402948371217
0.7113405880100095 0.008234797526046521
0.7122593630529116 0.01733249859983613
0.7131793247953971 0.0067079987347904504
0.7141004747702199 0.005405795932422944
0.7150228145121131 0.0038268160637237687
0.7159463455577929 0.010409654908230747
0.7168710694459597 0.010112366124459371
0.7177969877173015 0.0038686818409330486
0.7187241019144962 0.007918702479183592
0.7196524135822144 0.014030752635087495
0.7205819242671219 0.016992788933119903
0.7215126355178816 0.01006221714021114
0.7224445488851574 0.006668634264892336
0.7233776659216156 0.007056004351474347
0.7243119881819281 0.007329231488239635
0.7252475172227748 0.00803309382939318
0.7261842546028463 0.01839280421369305
0.7271222018828462 0.004399073275364646
0.7280613606254942 0.014650599661063418
0.7290017323955282 0.012777954519119962
0.7299433187597074 0.018129002389524338
0.7308861212868143 0.019509196600259494
0.7318301415476578 0.019926976672641816
0.7327753811150759 0.012109329511377415
0.7337218415639377 0.009754821381126478
0.7346695244711468 0.006141103581278799
0.7356184314156431 0.010434304878176067
0.7365685639784064 0.014695888391164001
0.7375199237424581 0.0199122370014517
0.7384725122928644 0.020711152715593616
0.7394263312167387 0.02108361439243137
0.7403813821032447 0.017602507935624796
0.741337666543598 0.019840219828895108
0.7422951861310702 0.019120470879861327
0.7432539424609902 0.019419903184584756
0.7442139371307476 0.020499718502990857
0.7451751717397954 0.020375490422991534
0.7461376478896523 0.020664841382536006
0.7471013671839055 0.01692439332359629
0.7480663312282135 0.020531064570862213
0.7490325416303087 0.02005668617150865
0.75 0.021339257156450776
0.7535957271382807 0.018973687624648995
0.757208693281432 0.020297576350701896
0.7608389810784641 0.021105277379023166
0.7644866735746316 0.014901200998728192
0.7681518542133332 0.018864996841542282
0.7718346068380205 0.01389413106167369
0.7755350156941161 0.009344282417701223
0.7792531654309404 0.010245411521931863
0.7829891411036486 0.013492867219708445
0.7867430281751759 0.017349459128457978
0.7905149125181926 0.017340948211894098
0.7943048804170689 0.019037176079045256
0.7981130185698482 0.01629318797273842
0.8019394140902305 0.018884826106766964
0.8057841545095653 0.02083948697704012
0.8096473277788541 0.022039774417233787
0.8135290222707618 0.021147093034956727
0.817429326781639 0.021849810056651302
0.8213483305335527 0.02111736640906429
0.8252861231763274 0.021073033687960607
0.8292427947895962 0.018133937603651763
0.833218435884861 0.02216978854218373
0.8372131374075636 0.019600428086650225
0.8412269907391656 0.021238458832487983
0.8452600876992389 0.017449396330877748
0.8493125205475665 0.01889007237268549
0.8533843819862523 0.018522432539369933
0.8574757651618429 0.01819476607255264
0.8615867636674567 0.02099298828647776
0.8657174715449267 0.02052299111005264
0.8698679832869504 0.020131057297638446
0.8740383938392522 0.0219479785071764
0.8782287986027549 0.020896204206683956
0.8824392934357623 0.021672482012350072
0.8866699746561519 0.021012028671135476
0.8909209390435783 0.02157379436365189
0.8951922838416869 0.015570150676960305
0.8994841067603389 0.019645095457923895
0.903796505977846 0.021697373418909576
0.9081295801432163 0.020165236598549064
0.9124834283784115 0.02202898658064704
0.9168581502806137 0.022070357398017538
0.9212538459245041 0.01855089935459626
0.9256706158645523 0.021775711289924955
0.9301085611373165 0.020229983336132427
0.9345677832637547 0.021198426649872537
0.939048384251547 0.021297559262173058
0.9435504665974296 0.020289665938014487
0.9480741332895386 0.021492789230680834
0.9526194878097667 0.021453376157212323
0.9571866341361303 0.021122993253216104
0.9617756767451473 0.02104459473220656
0.9663867206142284 0.020857762242056297
0.9710198712240772 0.02044920617770019
0.975675234561104 0.019896504535577425
0.9803529171198504 0.0204475701073251
0.9850530259054243 0.02109650511205194
0.9897756684359491 0.020595772793878565
0.9945209527450225 0.020444410055727988
0.9992889873841879 0.01313110288398141
1.0040798814254177 0.020705304312106605
1.0088937444636084 0.015221673005325941
1.0137306866190876 0.020822938420074318
1.0185908185401331 0.019159313560255933
1.023474251405504 0.019701796532319713
1.0283810969269844 0.02041049794399054
1.033311467351938 0.019509309694674355
1.0382654754658767 0.020254457754393905
1.04324323459504 0.020059784336549875
1.048244858608988 0.020133636820188684
1.053270461923206 0.019547705664588737
1.0583201595017218 0.019599609122076797
1.0633940668597348 0.020080566212196376
1.0684923000662605 0.019302854698314477
1.0736149757467832 0.019251031774674788
1.0787622110859263 0.019463100193106937
1.0839341238301308 0.019485442436294523
1.08913083229035 0.019180977494767475
1.0943524553447561 0.01940612243074182
1.099599112441459 0.017426767309521425
1.1048709236012393 0.01822008775957898
1.1101680094202928 0.01912776730143595
1.1154904910729908 0.018656977638042003
1.120838490314651 0.018393631922968716
1.126212129484323 0.015294423883588665
1.1316115315075865 0.018780308573914623
1.1370368198993641 0.018542419332554707
1.1424881187667462 0.01812158941511701
1.1479655528118298 0.01849360424515341
1.1534692473345722 0.01811108230883387
1.1589993282356565 0.018364447212960124
1.164555922019371 0.018237760185922228
1.170139155796505 0.017488935209838363
1.1757491572872547 0.01782966276031458
1.1813860548241462 0.017768994824820673
1.1870499773549694 0.017745551368965495
1.1927410544457302 0.017763642417328585
1.198459416283613 0.016220308688944675
1.2042051936799583 0.017374859156896787
1.2099785180732563 0.017379108660130163
1.2157795215321532 0.017163740349558195
1.221608336758472 0.017309923468176426
1.2274650970902483 0.01687751593806865
1.2333499365047813 0.017039758373604705
1.2392629896216973 0.016934769782909264
1.24520439170603 0.0168583312067934
1.251174278671315 0.016686067909487498
1.2571727870826979 0.016153179395694224
1.2632000541600594 0.016292494188434918
1.269256217781154 0.01617907947126677
1.2753414164847634 0.01636031989397442
1.281455789473867 0.01566828345071689
1.2875994766188243 0.016247862032299765
1.2937726184605767 0.0158845419301509
1.2999753562138607 0.016081885748100867
1.30620783177044 0.01588959973043587
1.3124701877023488 0.014227219526267546
1.3187625672651564 0.015606695963003257
1.3250851144012417 0.01558242409277074
1.3314379737430875 0.015247837396595047
1.337821290616588 0.014876311611146824
1.3442352110443743 0.014853065039516451
1.3506798817491539 0.009443373630680516
1.3571554501570673 0.01418086537175046
1.363662064401061 0.014459363357698944
1.3701998733242755 0.014076231089654775
1.3767690264834498 0.013976794232153545
1.3833696741523442 0.012095432075279038
1.3900019673251762 0.009712669426380945
1.3966660577200758 0.014319183659592397
1.4033620977825552 0.014042039740996064
1.4100902406889968 0.013162995379866324
1.4168506403501568 0.012989513576462174
1.4236434514146867 0.012994314573113898
1.43046882927267 0.01331487136314613
1.4373269300591769 0.012748548189820678
1.4442179106578377 0.01274536243703997
1.4511419287044287 0.011520698396049186
1.4580991425904812 0.0126704429256062
1.4650897114669033 0.011509537026256374
1.4721137952476195 0.012549102144403444
1.4791715546132318 0.01216799914314818
1.4862631510146926 0.012636004394268817
1.4933887466769993 0.01241961248017294
1.5005485046029052 0.011557891625425929
1.5077425885766482 0.011303488353358636
1.514971163167697 0.010487816328004773
1.5222343937345166 0.012339120816320555
1.5295324464283504 0.01207280579392162
1.5368654881970214 0.011161836699199687
1.5442336867887507 0.011570940606784572
1.5516372107559953 0.012126828169558575
1.559076229459304 0.011900616763978874
1.5665509130711908 0.010846473465999823
1.5740614325800286 0.01207795360139405
1.5816079597939605 0.011470551421488928
1.5891906673448297 0.011107224870179481
1.5968097286921286 0.01161198437120255
1.604465318126967 0.010939957941609556
1.6121576107760593 0.011402424494647618
1.6198867826057304 0.010341222109533192
1.6276530104259406 0.011740784550836639
1.6354564718943307 0.011914275334317548
1.643297345520287 0.011529244283715327
1.6511758106690229 0.011465289021906449
1.659092047565683 0.011262326597121076
1.6670462372994665 0.01076322871462898
1.6750385618277683 0.01081774732961906
1.6830692039803425 0.011127030976277845
1.6911383474634847 0.010831161611767932
1.6992461768642335 0.010773640476690091
1.707392877654594 0.009376390887711453
1.7155786361957803 0.010135326044430765
1.7238036397424783 0.009733318458993008
1.7320680764471306 0.00783585895686697
1.7403721353642378 0.007775830584584899
1.7487160064546867 0.009588895106891029
1.7570998805900933 0.009500025474478077
1.76552394955717 0.008601270178362052
1.7739884060621127 0.009244893551516337
1.7824934437350097 0.0069647241732469
1.7910392571342704 0.008878750269575858
1.7996260417510754 0.007607776123911083
1.80825399401385 0.008737313648557414
1.8169233112927567 0.007667692171815654
1.8256341919042098 0.00806016569304282
1.834386835115414 0.008313921185475439
1.8431814411489198 0.008448727510298211
1.8520182111872059 0.0067885037107001615
1.8608973473772803 0.007613917925285532
1.8698190528353054 0.004866927551694318
1.8787835316512442 0.006071124629816521
1.8877909888935285 0.00676788070196132
1.89684163061375 0.006077236527565809
1.9059356638513747 0.004422890604953059
1.915073296638478 0.006797407838484458
1.9242547380045036 0.003943963326159162
1.9334801979810476 0.0064326678210113045
1.9427498876066593 0.006411288673548577
1.9520640189316716 0.006388068647786781
1.96142280502305 0.00672827516295467
1.9708264599692682 0.006545564350796598
1.9802751988852059 0.006234154682000828
1.9897692379170668 0.006295388812417532
1.999308794247326 0.00625420845560005
2.0088940860996973 0.006127116744262268
2.018525332744124 0.005925312749800655
2.0282027545017973 0.005039779656363395
2.037926572750194 0.00615093230693101
2.0476970099281426 0.005602567206593028
2.057514289540909 0.005263200501824003
2.0673786361653126 0.005367745470344105
2.0772902754548603 0.005486506118313396
2.0872494341449133 0.005472102510156873
2.097256340057868 0.0048485152313493705
2.107311222108371 0.005076909816067606
2.1174143103085554 0.005076841112669126
2.1275658357733027 0.004391308351060118
2.1377660307255275 0.005038285662948839
2.1480151285014935 0.005259898644892239
2.158313363556147 0.004960784017164229
2.168660971468484 0.00487906592043167
2.1790581889469367 0.004925730625814441
2.189505253834789 0.004815951975788851
2.2000024051156175 0.004606902832676103
2.21054988291876 0.004834834795142976
2.2211479285248057 0.00458418533243424
2.231796784371116 0.004656199675790266
2.2424966940573703 0.004705545268627162
2.2532479023511387 0.004649139973281654
2.264050655193483 0.004625111844170187
2.274905199704578 0.00445762508888734
2.2858117841893697 0.004525780583884314
2.296770658143252 0.0026317825627936897
2.307782072257775 0.004097342971982543
2.318846278426381 0.00423999255738724
2.329963529750166 0.004211005884875747
2.341134080543669 0.003351472593969454
2.3523581863406884 0.0035572512432330123
2.3636361039001312 0.0033506361539527283
2.374968091211883 0.0034325129976398843
2.386354407502711 0.0038494777897708147
2.3977953132421947 0.0033566357537705045
2.4092910701486843 0.0026495649001819035
2.420841941195286 0.0033729787703187276
2.4324481906158777 0.0035488519671345573
2.444110083911157 0.003276168415601119
2.4558278878547095 0.0032949785645007544
2.467601870499117 0.0019489829026256495
2.4794323011820847 0.0023522407136929826
2.491319450532605 0.002994626696485131
2.503263590477147 0.0031356897815540646
2.5152649942458787 0.002103306967143966
2.5273239363789144 0.0018440247277833825
2.5394406927326 0.002735580718229359
2.5516155404858174 0.002969476877923914
2.5638487581463285 0.0026976016433197026
2.5761406255571475 0.001911904976653105
2.5884914239029375 0.002507454330688661
2.6009014357164504 0.0024375582436782493
2.6133709448849824 0.0017737731514517365
2.625900236656872 0.0018544310673380383
2.638489597648025 0.002148376781651677
2.6511393158484706 0.0020896469160970503
2.663849680628949 0.0019355057251208864
2.676620982747533 0.001967119357163899
2.6894535143562757 0.0025311299531636097
2.702347569007896 0.0021937689394738516
2.7153034416624937 0.0020787493388520033
2.7283214286942967 0.0022850973078057404
2.741401827898442 0.0018750702465183033
2.7545449384977845 0.0017518779704123186
2.7677510611497445 0.0015338791378108833
2.7810204979531865 0.0017765977625811581
2.7943535524553265 0.0016568798510007072
2.8077505296586787 0.0015511486590261542
2.821211736028033 0.0016649340586313325
2.8347374794974622 0.0019061690626816148
2.8483280694773696 0.0019043781478904306
2.861983816861565 0.0014143583352434236
2.8757050340343775 0.0017018512283406458
2.8894920348778004 0.001282362083252377
2.903345134778675 0.0015747279068892089
2.9172646506359 0.001719801579619617
2.931250900867685 0.0018649412149385443
2.945304205418831 0.001313195803789524
2.9594248857680525 0.0013155780390181784
2.9736132649353317 0.0015751991476343193
2.9878696674893046 0.0010535017346955517
3.0021944195546872 0.001232623981190982
3.0165878488197375 0.0015272145563728114
3.031050284543749 0.00122060502997561
3.045582057564585 0.001605002134609942
3.060183500306246 0.001283170618760989
3.0748549467864725 0.001265412236316959
3.089596732624388 0.001445511625714143
3.1044091950481763 0.0013772910510235865
3.1192926729027923 0.0009854294899581484
3.1342475066577213 0.0011859834916740026
3.1492740384147586 0.0010601115012400296
3.1643726119158395 0.0010249969969220356
3.1795435725509034 0.0011262390104481684
3.194787267365793 0.0010728795814301036
3.210104045070193 0.0013599579410498986
3.2254942560456112 0.0011689256284981963
3.240958252353387 0.0012094884174097137
3.2564963877427493 0.0012824787510309135
3.272109017658909 0.0012406179022774468
3.2877964992511868 0.0009438410867104682
3.3035591913811895 0.001007934368379885
3.3193974546310105 0.0010037565642163795
3.335311651311486 0.0011319460193902893
3.3513021454704788 0.001093294172067999
3.3673693029012073 0.0008891397907323892
3.3835134911506137 0.0011075192866635201
3.3997350795277725 0.0009912752473787074
3.416034439112336 0.0010404748514742674
3.4324119427630264 0.0011104070333776293
3.448867965126162 0.0010002056000903237
3.4654028826442294 0.0009985795982217697
3.482017073564496 0.0010032167810147265
3.4987109179476596 0.0009432444418289878
3.5154847976765438 0.0009839936809887101
3.5323390964648356 0.0009607825772661122
3.5492741998658603 0.0008995568391465155
3.5662904952814025 0.0008789645050672869
3.58338837197057 0.0009578361111987712
3.6005682210586953 0.0007791528629877661
3.6178304355462845 0.0008945398814404805
3.635175410318007 0.0009002480381376914
3.6526035421517284 0.0008742069707917222
3.6701152297275876 0.0008686413501831458
3.687710873637119 0.0008980503185720889
3.7053908763924124 0.0008661149661297361
3.7231556424353216 0.000832589963778448
3.7410055781467184 0.0008387480716535346
3.758941091855786 0.0008146185229652381
3.7769625938493654 0.0006016987734311153
3.795070496381332 0.0008354730772465699
3.8132652136820346 0.0007356089262037609
3.8315471619677655 0.0008020091019124086
3.849916759450285 0.0007735074528445655
3.8683744263463873 0.0007761257055245803
3.8869205848875135 0.0007572789966550909
3.9055556593294094 0.0007518576340773505
3.9242800759618315 0.0006909012198036678
3.943094263118298 0.0007093498923464573
3.9619986511858882 0.0007163791411889949
3.980993672615089 0.0006773923973348151
4.000079761929683 0.0006492270348617199
4.019257355736694 0.0006629303456064569
4.03852689273637 0.0006626281213320401
4.057888813732221 0.0006340323404787285
4.077343561641103 0.0006364604018701971
4.096891581503353 0.0006253008421995254
4.11653332049296 0.0006000372017416968
4.136269227927804 0.0005546013228460804
4.156099755279931 0.0005122004804557475
4.17602535618588 0.0005920208741379494
4.19604648645706 0.0005450945622593092
4.216163604090182 0.0005824028655645367
4.236377169277727 0.0005458627435697761
4.25668764441848 0.0005627411169943157
4.277095494128106 0.0005158277021812836
4.2976011852497775 0.0003597983233279857
4.318205186864858 0.0005059791898248035
4.338907970303623 0.0004392528715069151
4.359710009156054 0.000492697023393053
4.380611779282662 0.0004652768901077309
4.4016137588253805 0.0004069200563655117
4.422716428218497 0.00039952171959116786
4.4439202701996505 0.000286921880871608
4.465225769820868 0.000364413848135152
4.486633414459661 0.000437758442944587
4.50814369383018 0.00042412108250205436
4.529757099994412 0.0004024788811397612
4.551474127373438 0.00038171850131152893
4.5732952727587435 0.00028700943467935026
4.595221035323583 0.00032977994310177033
4.617251916634397 0.00036868751874783015
4.639388420662292 0.0003006611004115439
4.661631053794558 0.0003459119264530574
4.683980324846266 0.00036795846705214695
4.706436745071897 0.00035583529306328977
4.729000828177038 0.00026760880546165063
4.751673090330143 0.00034385675632018115
4.774454050174326 0.0003214170573889805
4.79734422883924 0.00033702045784637897
4.820344149952989 0.0003277647971555039
4.843454339654107 0.00026822488974601055
4.866675326603597 0.00030922185806034385
4.890007641997023 0.00020435823824999552
4.91345181957666 0.0002714495467110049
4.937008395643709 0.00027583099457545863
4.960677909070557 0.0002049216414879905
4.98446090131311 0.0003043296820964407
5.008357916423177 0.00021207736686916682
5.032369501060916 0.00019686129273705698
5.0564962045073445 0.00028414287919113665
5.0807385786768915 0.00023047972388360753
5.105097178130036 0.00021798740106919372
5.129572560085985 0.0002689030804039011
5.154165284435427 0.00025911049098452214
5.1788759137533305 0.00024039130381158246
5.203705013311826 0.00023901693749596824
5.2286531510931225 0.00022882070527256273
5.253720897802513 0.00018042490131504372
5.278908826881421 0.0002212945198841151
5.304217514520523 0.00021344055161989458
5.329647539672928 0.00017575205019445468
5.355199484067426 0.00018411173598900654
5.380873932221783 0.0002160934284047044
5.406671471456126 0.0001774880284754854
5.432592691906369 0.00020204460303505385
5.458638186537719 0.0001581597461303861
5.484808551158237 0.00021045059307006302
5.511104384432469 0.00016823904268134282
5.537526287895138 0.0001667155110623684
5.5640748659649075 0.00014076131347332772
5.590750725958208 0.0001968533642042513
5.617554478103128 0.00018158900793876072
5.644486735553375 0.00017711326281573197
5.671548114402301 0.00018857976338162188
5.698739233696996 0.0001635863388329268
5.726060715452448 0.0001601821870076677
5.753513184665774 0.00013171906451583606
5.781097269330519 0.00016435273839738738
5.808813600451015 0.00016954109021399445
5.836662812056822 0.00015301834871636388
5.864645541217231 0.0001522850782350235
5.892762428055834 0.00015545541564504107
5.921014115765167 0.00015372267029487236
5.949401250621433 0.0001428258270881575
5.977924481999274 0.00012989518890843034
6.0065844623866305 0.0001519378012318344
6.035381847399669 0.0001433897471643282
6.0643172957977765 0.00014047870535654878
6.093391469498636 0.00013531190029359604
6.122605033593362 0.00013311018878857318
6.151958656361717 0.0001365418874477142
6.181453009287397 0.00011813023365158405
6.2110887670734 0.0001344197846418158
6.240866607657446 0.00012764047241884045
6.270787212227504 0.0001269240577421743
6.300851265237357 0.00012214355969877183
6.331059454422269 0.00010082855772376617
6.361412470814716 0.0001245315387128576
6.39191100876019 0.00011723742016512706
6.422555765933088 0.00011681923158743752
6.45334744335267 0.00011240631535494366
6.4842867453990936 8.565688156703935e-05
6.515374379829527 9.106863658145033e-05
6.546611057794343 9.647994283701028e-05
6.57799749385338 9.832629114575507e-05
6.609534405992302 9.36453538281194e-05
6.641222515639004 7.759250091331771e-05
6.6730625476801295 9.590003633383904e-05
6.7050552304776465 8.86826992280799e-05
6.737201295885512 9.37412220459407e-05
6.769501479266411 6.85775958675338e-05
6.801956519508584 6.668608158017689e-05
6.83456715904272 7.278651095914811e-05
6.867334143858949 8.414888350976237e-05
6.900258223523903 9.068140218356675e-05
6.933340151197861 7.822496643650737e-05
6.966580683651985 7.969489343757642e-05
6.999980581285625 8.04063296280353e-05
7.0335406081437135 7.654492859353788e-05
7.067261531934249 6.1535612848223e-05
7.101144124045853 6.374694897333983e-05
7.135189159565416 7.386855124791185e-05
7.169397417295838 7.42972156255241e-05
7.203769679773824 6.838406127240395e-05
7.238306733287806 6.797162668871053e-05
7.2730093678959165 6.744801437481348e-05
7.307878377444066 7.123833138064273e-05
7.342914559584106 6.613823071363068e-05
7.37811871579207 6.031462006692892e-05
7.413491651386511 5.3087135217293344e-05
7.449034175546921 6.0088976689353645e-05
7.484747101332247 6.43046916855158e-05
7.520631245699485 5.339783834980224e-05
7.556687429522369 4.62472145108313e-05
7.592916477610153 6.0053543693773585e-05
7.629319218726471 5.509620824561607e-05
7.665896485608313 5.8241733792558e-05
7.702649114985049 5.49550804697263e-05
7.73957794759759 5.6812851446150955e-05
7.77668382821761 5.825455191627424e-05
7.813967605666878 5.40493241731726e-05
7.8514301328366685 4.791546524905001e-05
7.8890722667072755 5.1779414951948135e-05
7.926894868367619 4.976376328678138e-05
7.964898803034935 5.082802832786809e-05
8.003084940074578 4.727013059829109e-05
8.041454153019895 4.1533846317601236e-05
8.080007319592234 4.203865903526686e-05
8.118745321720986 4.034645765833073e-05
8.15766904556379 3.888738989611745e-05
8.196779381526783 4.0147458936267766e-05
8.23607722428499 4.2846936467737824e-05
8.275563472802775 3.900789708867981e-05
8.315239030354402 4.215519906160947e-05
8.355104804544718 3.712337182630401e-05
8.395161707329892 3.7778348683997796e-05
8.435410655038293 3.491279445894473e-05
8.47585256839144 3.511704223395437e-05
8.516488372525082 3.307811757129922e-05
8.557318997010336 3.4690431554631476e-05
8.598345375874969 3.165419425040461e-05
8.639568447624761 3.548481935825964e-05
8.680989155264971 3.564151041731939e-05
8.722608446321914 2.9816357299084207e-05
8.764427272864628 2.7173369649517066e-05
8.806446591526663 2.9067998853244607e-05
8.84866736352796 3.3029931201619285e-05
8.891090554696834 2.8025890310562595e-05
8.933717135492076 3.2500571289487834e-05
8.97654808102516 3.147819834439247e-05
9.019584371082525 3.2575139991561846e-05
9.06282699014801 3.126416754978159e-05
9.106276927425366 2.409747293179821e-05
9.14993517686089 2.700187990831395e-05
9.193802737166154 2.7796859084080386e-05
9.237880611840858 2.6652131799071282e-05
9.282169809195782 2.5893390570388173e-05
9.326671342375855 2.691843409182613e-05
9.37138622938333 2.4940497877795085e-05
9.416315493101063 2.7032729392689643e-05
9.461460161315939 2.576791605937633e-05
9.506821266742346 2.6781002946420238e-05
9.552399847045825 2.4659131035839754e-05
9.5981969448668 2.298470728554445e-05
9.644213607844426 2.3553113352882463e-05
9.690450888640562 2.3415788129296673e-05
9.736909844963844 2.3957885478758392e-05
9.783591539593884 2.020196931847835e-05
9.830497040405579 1.9647673329489614e-05
9.877627420393544 2.0716788068093905e-05
9.924983757696651 1.9495858902123183e-05
9.972567135622711 2.0478545250976273e-05
10.020378642673224 2.1497378086362376e-05
10.068419372568302 1.8027775839951957e-05
10.116690424271683 1.8222185784541962e-05
10.165192902015866 1.7772672507623718e-05
10.213927915327382 1.6578477453008827e-05
10.262896579052162 1.8163887359606623e-05
10.31210001338105 1.625843290731255e-05
10.361539343875423 1.687995419362617e-05
10.411215701492937 1.602727163964903e-05
10.461130222613402 1.6958813223680036e-05
10.511284049064788 1.6686691163060933e-05
10.56167832814932 1.6683246729875093e-05
10.612314212669743 1.3521090716637032e-05
10.663192860955688 1.6937036893060934e-05
10.714315436890168 1.5001911644347085e-05
10.765683109936202 1.4917402898148993e-05
10.817297055163571 1.532736572812166e-05
10.869158453275698 1.5041978268258759e-05
10.921268490636654 1.3904718601959202e-05
10.973628359298297 1.3752421643948824e-05
11.026239257027544 1.4446803590813087e-05
11.079102387333766 1.3707426029925762e-05
11.132218959496333 1.2817162859398525e-05
11.18559018859226 1.1916044739019405e-05
11.239217295524002 1.3640427108636786e-05
11.293101507047401 1.1824930792766514e-05
11.347244055799733 1.2719471856359415e-05
11.401646180327912 1.2801204821244485e-05
11.456309125116817 1.209425226512758e-05
11.511234140617772 1.2685387518578307e-05
11.566422483277135 1.0048289555511418e-05
11.621875415565054 1.200033394527475e-05
11.677594206004335 1.1779589071712084e-05
11.73358012919948 1.060456444284327e-05
11.789834465865818 1.0321253548255706e-05
11.846358502858818 1.0771136563720802e-05
11.903153533203527 9.584125270450024e-06
11.960220856124144 1.0459967370065631e-05
12.01756177707374 9.143991038559152e-06
12.075177607764124 1.048651614750288e-05
12.133069666195853 9.303604461662964e-06
12.191239276688373 8.958407630900854e-06
12.249687769910324 8.433420579456982e-06
12.308416482909958 8.765109312092701e-06
12.367426759145774 8.405677209351098e-06
12.426719948517185 9.178217993154814e-06
12.48629740739545 8.545792815594527e-06
12.54616049865467 8.169617357929505e-06
12.606310591702988 8.91615286414696e-06
12.666749062513896 7.460321774282907e-06
12.727477293657726 7.6658825081432e-06
12.788496674333269 7.632352551050603e-06
12.849808600399552 7.695540639775688e-06
12.911414474407778 7.102401338963225e-06
12.973315705633395 7.460470216090009e-06
13.035513710108367 6.5267775655175665e-06
13.098009910653523 6.4400486684311e-06
13.160805736911131 5.999556693401439e-06
13.223902625377601 6.596391491582381e-06
13.287302019436336 6.8626774412135465e-06
13.35100536939076 6.587172344665549e-06
13.415014132497493 6.3862233441059705e-06
13.479329772999682 6.023068992488778e-06
13.543953762160495 6.385923047891226e-06
13.608887578296788 5.9072582836897395e-06
13.674132706812903 6.107556941366288e-06
13.739690640234688 5.84815998183342e-06
13.805562878243586 6.1102939562114765e-06
13.871750927710973 5.881394650245751e-06
13.93825630273263 5.451277090968295e-06
14.00508052466336 5.230813737728386e-06
14.07222512215181 5.280065622761662e-06
14.139691631175433 4.680086525695844e-06
14.207481595075617 4.762909734935527e-06
14.275596564592998 5.0031253843574125e-06
14.344038097902937 4.895590035907638e-06
14.412807760651145 4.556441647584507e-06
14.48190712598954 5.234952683280951e-06
14.55133777461218 4.8100217349256604e-06
14.621101294791464 4.458501577537956e-06
14.691199282414441 4.031848752291806e-06
14.761633341019332 4.099025702956888e-06
14.832405081832201 4.174463507269003e-06
14.903516123803822 4.128379188399722e-06
14.97496809364671 3.821898194038692e-06
15.046762625872327 4.242782090174873e-06
15.118901362828483 4.188827681566049e-06
15.19138595473689 4.182532192656717e-06
15.264218059730949 4.090121215024254e-06
15.337399343893628 3.3004238471237333e-06
15.41093148129561 3.853784609284522e-06
15.484816154033581 3.6289018397270856e-06
15.55905505226871 3.50442586919703e-06
15.633649874265304 3.5393588452615338e-06
15.70860232642967 3.3484528186943023e-06
15.78391412334914 3.4826632641215614e-06
15.859586987831298 2.8629760249646924e-06
15.935622650943388 2.9040131888672055e-06
16.01202285205191 2.9196719568036167e-06
16.088789338862437 2.729760440128209e-06
16.16592386745954 2.8413471345035834e-06
16.243428202347012 3.352724217746827e-06
16.321304116488204 3.0083615595759967e-06
16.39955339134659 2.699424465414039e-06
16.47817781692652 2.4224810645998277e-06
16.55717919181417 2.6319094278428106e-06
16.63655932321868 2.6316317732915283e-06
16.7163200270135 2.877520583530794e-06
16.796463127777923 2.462577736361209e-06
16.876990458838833 2.6192590326892744e-06
16.957903862312623 2.803815952000734e-06
17.03920518914739 2.765844994881572e-06
17.12089629916519 2.3352489526010828e-06
17.202979061104653 2.4993186390191462e-06
17.285455352663703 2.4324250861165068e-06
17.36832706054252 2.4179810378679937e-06
17.45159608048669 2.3523470374696465e-06
17.535264317330583 2.0326866637091432e-06
17.619333685040917 2.3597549171214485e-06
17.70380610676055 2.150399024223301e-06
17.78868351485247 2.210466274436288e-06
17.87396785094398 2.2358268774455192e-06
17.959661065971176 2.0729504763325056e-06
18.04576512022349 1.9421077917972274e-06
18.13228198338859 2.15505090557817e-06
18.21921363459743 1.8382607557380375e-06
18.306562062469503 1.808558940215526e-06
18.39432926515836 1.7872350831904116e-06
18.482517250397294 1.9050801184681482e-06
18.571128035545286 1.7806163220971158e-06
18.660163647633148 1.7359767457974201e-06
18.749626123409886 1.6776189247192814e-06
18.839517509389292 1.785956652474467e-06
18.92983986189679 1.6029605268923989e-06
19.020595247116432 1.7170681640772928e-06
19.111785741138178 1.7496148755120833e-06
19.203413430005398 1.3502133406067205e-06
19.295480409762593 1.6339189660232673e-06
19.38798878650332 1.5854055619582084e-06
19.480940676418403 1.5122317669498756e-06
19.574338205844317 1.5795123975650706e-06
19.668183511311835 1.4879284664616591e-06
19.76247873959491 1.4822297820990857e-06
19.857226047759777 1.5291252326639533e-06
19.952427603214318 1.2019430735362519e-06
20.048085583757594 1.2559220815089426e-06
20.144202177629715 1.227576432172868e-06
20.24077958356187 1.2096835503971245e-06
20.337820010826633 1.1936814593979044e-06
20.435325679288496 1.1792892888035823e-06
20.53329881945466 1.3014538819727104e-06
20.631741672526047 1.321161767851288e-06
20.730656490448578 1.2771268872309893e-06
20.830045535964686 1.0846575876787389e-06
20.92991108266506 1.027724829456628e-06
21.030255415040717 1.1112353069559432e-06
21.131080828535165 1.1127708040773222e-06
21.232389629596987 1.093464985217584e-06
21.334184135732578 9.363117998256632e-07
21.436466675559153 9.572976566666843e-07
21.539239588858027 1.0250989612070609e-06
21.642505226628145 1.0412264351119171e-06
21.746265951139836 1.0053230243110525e-06
21.85052413598888 9.796189742671113e-07
21.955282166150788 8.760518996758602e-07
22.060542438035363 9.535970541665048e-07
22.166307359541545 1.0023439838546218e-06
22.272579350112444 8.175195115848711e-07
22.379360840790724 8.999841965437383e-07
22.4866542742742 8.06949860801645e-07
22.594462104971726 8.743984695991163e-07
22.70278679905933 8.68719941938053e-07
22.811630834536633 8.668603844005017e-07
22.920996701283542 8.230923543423879e-07
23.030886901117206 8.470781595028313e-07
23.141303947849234 8.452523533560062e-07
23.2522503673432 7.548308999979743e-07
23.363728697572473 7.828775061977751e-07
23.47574148867819 6.435430780057347e-07
23.58829130302766 7.390372660796975e-07
23.70138071527295 6.845060602406048e-07
23.815012312409788 7.110522833323438e-07
23.92918869383675 6.63132666286392e-07
24.043912471414707 6.873934699113217e-07
24.15918626952659 7.062322887903339e-07
24.275012725137408 6.284999927290919e-07
24.39139448785459 5.776733478872875e-07
24.508334219988576 6.343246967760652e-07
24.625834596613718 5.677646649340703e-07
24.743898305629525 6.218827600186551e-07
24.86252804782207 6.029015923070654e-07
24.98172653692583 5.921753706135998e-07
25.10149649968574 5.895068808487392e-07
25.221840675919577 5.439251931769312e-07
25.342761818580637 5.099673110701469e-07
25.46426269382071 5.116738925476166e-07
25.58634608105335 5.078242570549464e-07
25.709014773017465 5.521536753315704e-07
25.832271575841194 5.257704998278943e-07
25.9561193091061 5.233749463413114e-07
26.080560805911706 4.842169695846705e-07
26.205598912940236 4.913261595712664e-07
26.33123649052178 4.79970880370178e-07
26.45747641269972 4.773564451129951e-07
26.584321567296474 4.5388659281728374e-07
26.711774855979552 4.028700162749834e-07
26.83983919432794 4.7316418527373106e-07
26.968517511898785 4.5512071214600964e-07
27.09781275229443 4.388397651026552e-07
27.22772787322973 3.5207753472605426e-07
27.358265846599707 4.278283345739981e-07
27.489429658547593 3.694267616958921e-07
27.621222309533056 3.7325795198735875e-07
27.753646814400888 3.9620998494835304e-07
27.886706202449954 3.632779409166774e-07
28.020403517502498 3.5392729174932644e-07
28.15474181797378 3.0842419073491057e-07
28.289724176942013 3.6705983395899867e-07
28.425353682218685 3.325984017907072e-07
28.561633436419193 3.457395869872481e-07
28.698566557033804 3.3429693818850086e-07
28.836156176498964 3.4938615238236343e-07
28.974405442269013 3.368948399841012e-07
29.113317516888102 3.2984981441084266e-07
29.252895578062578 2.8020003744928857e-07
29.393142818733686 3.11861130523237e-07
29.534062447150593 3.0366999464958247e-07
29.67565768694379 3.147989969302597e-07
29.81793177719882 2.8038101625791466e-07
29.960887972530386 2.930501321916425e-07
30.104529543156804 2.779554743670803e-07
30.248859774974807 2.539777183880182e-07
30.39388196963469 2.626818013756104e-07
30.539599444615913 2.449644989680734e-07
30.686015533302882 2.511516181927897e-07
30.833133585061283 2.2461218086342194e-07
30.980956965314668 2.5010437404574347e-07
31.129489055621452 2.5255178005428054e-07
31.278733253752264 2.5010884899978577e-07
31.428692973767678 2.485224180852022e-07
31.579371646096302 2.3601676644481767e-07
31.730772717613263 2.2068701380609806e-07
31.88289965171905 2.1755387555753036e-07
32.03575592841872 2.2390313991652794e-07
32.18934504440159 2.0912313616395204e-07
32.343670513121104 2.0815327199946823e-07
32.498735864875286 2.1016276835421534e-07
32.65454464688749 1.9811718404778495e-07
32.8111004233875 2.0663744144547401e-07
32.96840677569314 1.8705060827632574e-07
33.12646730229212 1.8937396986343318e-07
33.28528561892441 1.8270268975026563e-07
33.444865358664934 1.8070764796792164e-07
33.605210172006664 1.808853172771044e-07
33.76632372694413 1.8742610050860135e-07
33.928209709057384 1.7831640806128444e-07
34.09087182159624 1.7520418389861579e-07
34.25431378556498 1.6298373293768186e-07
34.418539339807566 1.578216948470208e-07
34.583552241093074 1.521070682232565e-07
34.749356264201666 1.569663563832379e-07
34.91595520201097 1.4856728922690035e-07
35.08335286558279 1.5333882251368865e-07
35.251553084250325 1.452557769098976e-07
35.42055970570576 1.4571303454827312e-07
35.59037659608828 1.384998020011284e-07
35.76100764007253 1.489330767346168e-07
35.93245674095742 1.3762146670495472e-07
36.1047278207555 1.3911088624163996e-07
36.2778248202826 1.3973834524866887e-07
36.45175169924805 1.3519897848324372e-07
36.62651243634519 1.2199462988473254e-07
36.80211102934244 1.153425616078601e-07
36.97855149517474 1.1736244028489742e-07
37.15583787003543 1.2202225033007517e-07
37.33397420946855 1.1646914118823514e-07
37.51296458846169 1.1063780700464207e-07
37.69281310153913 1.1352071178626307e-07
37.8735238628556 1.1520968947103525e-07
38.05510100629025 1.0552130850995247e-07
38.237548685541356 1.0798812833259129e-07
38.42087107422127 1.0013066424564172e-07
38.605072365951884 9.901712414605998e-08
38.790156774460606 9.414105086540631e-08
38.97612853367673 9.78704728198291e-08
39.16299189782827 1.0024507712197091e-07
39.35075114153932 9.122513919672437e-08
39.5394105599278 9.656842421420658e-08
39.728974468703726 9.543869878968059e-08
39.91944720426796 9.555412264711269e-08
40.11083312381136 9.19339659255884e-08
40.30313660541448 9.167331877420327e-08
40.49636204814771 8.559950488677588e-08
40.69051387217193 8.431033637574462e-08
40.885596518839606 8.202997777577137e-08
41.08161445079639 7.927812156509163e-08
41.2785721520832 8.433777840447591e-08
41.476474128238834 7.263144265319402e-08
41.67532490640297 7.449832612325629e-08
41.875129035419775 7.139765368005125e-08
42.075891085942 7.756725364002367e-08
42.27761565053542 6.561180067372305e-08
42.48030734378399 6.604689130888932e-08
42.683970802395386 7.305685355585963e-08
42.88861068530706 7.20218342121049e-08
43.09423167379281 6.907870864488393e-08
43.3008384715699 6.888070875677229e-08
43.508435804906604 6.557967097641406e-08
43.7170284227304 6.443272356402342e-08
43.92662109673653 5.7581420070381026e-08
44.13721862149719 5.984369625786195e-08
44.34882581457125 6.242463641944524e-08
44.561447516614365 5.459919972336805e-08
44.775088591489784 5.955018229867716e-08
44.98975392637957 5.8647535849475874e-08
45.20544843189644 5.685825021576854e-08
45.42217704219607 5.5699568778659254e-08
45.63994471508995 4.830790264073217e-08
45.85875643215886 5.437733926029218e-08
46.07861719886675 5.294169300925628e-08
46.2995320446753 5.193013425020228e-08
46.52150602315893 4.4856141886599726e-08
46.74454421212047 4.8641945609057895e-08
46.96865171370725 5.067378471937611e-08
47.19383365452783 4.6647652544063705e-08
47.42009518576928 4.7711629538850864e-08
47.64744148331505 4.599969227119859e-08
47.875877747863306 4.497076044921612e-08
48.10540920504598 4.5433215317130465e-08
48.33604110554822 4.420833690038084e-08
48.56777872522858 3.9309082355360025e-08
48.80062736523967 4.265176401443477e-08
49.034592352149396 3.937049753740492e-08
49.26967903806294 4.1565430127046e-08
49.505892800744995 4.044631224817514e-08
49.74323904374293 4.001884842263568e-08
49.98172319651036 3.699220671615216e-08
50.221350714531326 3.882901161656319e-08
50.46212707944513 3.782384518656742e-08
50.70405779917171 3.741906749496776e-08
50.94714840803762 3.650214056112208e-08
51.191404466902675 3.415785199499735e-08
51.436831563287136 3.3800080144618816e-08
51.683435311499494 3.149327560337172e-08
51.931221352765 3.341439211821778e-08
52.180195355354606 3.321328731849867e-08
52.43036301471465 3.2407833551869756e-08
52.68173005359721 3.159466287106233e-08
52.93430222219094 2.8947004878658986e-08
53.18808529825265 2.993461019553759e-08
53.443085087239474 2.9373458562693845e-08
53.69930742244165 2.8665608066627897e-08
53.95675816511598 2.9094607917854163e-08
54.21544320461992 2.742622410649947e-08
54.47536845854628 2.8189983508766648e-08
54.736539872858565 2.6639097858438923e-08
54.998963422027124 2.638581104067548e-08
55.262645109165646 2.6150897934320305e-08
55.52759096616858 2.4990923220391247e-08
55.79380705384912 2.4492563812497498e-08
56.06129946207781 2.5039358348602076e-08
56.33007430992191 2.3507301359353126e-08
56.60013774578532 2.346024147548671e-08
56.87149594754925 2.3033418554912697e-08
57.14415512271354 2.1762739580542698e-08
57.4181215085387 2.2354213545511937e-08
57.69340137218847 2.1331702965881923e-08
57.970001010873396 2.1742965539799294e-08
58.247926751994676 2.112214228679011e-08
58.52718495328899 2.0174516353801637e-08
58.80778200297394 2.0405074575883874e-08
59.08972431989419 2.0028782659728257e-08
59.37301835366828 1.9696647024136916e-08
59.657670584836175 1.7466576717274078e-08
59.94368752500752 1.914309624320372e-08
60.23107571701057 1.7965818932022458e-08
60.519841735041894 1.8188856047348548e-08
60.80999218481672 1.771222928383344e-08
61.101533703720165 1.745860304676584e-08
61.394472960958886 1.7369650451233318e-08
61.688816657713765 1.5532519263714718e-08
61.984571527293184 1.6771398486578923e-08
62.28174433528704 1.6510221122724537e-08
62.5803418797215 1.582354229538274e-08
62.88037099121457 1.5805384241483983e-08
63.18183853313226 1.549619868905655e-08
63.48475140174566 1.483942077687479e-08
63.789116526388675 1.4906865278014496e-08
64.0949408696165 1.4520028085516426e-08
64.402231427365 1.372357043180849e-08
64.71099522911061 1.3724740442967143e-08
65.02123933803122 1.3628265882610233e-08
65.33297085116776 1.3042498447305464e-08
65.64619689958649 1.3087495023113098e-08
65.96092464854217 1.2668282926722327e-08
66.27716129764197 1.2161446658121406e-08
66.59491408101016 1.2382801394456874e-08
66.91419026745358 1.220993624466563e-08
67.23499716062791 1.1246695400428513e-08
67.55734209920482 1.18503273001265e-08
67.88123245703977 1.1331063284492518e-08
68.20667564334073 1.1028288977709497e-08
68.53367910283762 1.0895351508696848e-08
68.86225031595268 1.0256064595781839e-08
69.19239679897156 1.0197171146878913e-08
69.52412610421521 9.925248646199014e-09
69.85744582021279 1.0045249959831504e-08
70.19236357187506 1.0065846170353072e-08
70.528887020669 9.783887440688059e-09
70.86702386479294 9.746772187865014e-09
71.20678183935267 9.0586100518321e-09
71.54816871653853 8.975068647159206e-09
71.89119230580299 8.21079804154641e-09
72.23586045403943 8.987637681358662e-09
72.58218104576163 8.898182802578133e-09
72.9301620032841 8.461575371263051e-09
73.27981128690331 8.42704787300759e-09
73.63113689507985 8.218528330379976e-09
73.98414686462132 8.202102593054549e-09
74.3388492708662 6.943380776182291e-09
74.69525222786862 7.785407914819013e-09
75.05336388858387 7.69630498483828e-09
75.41319244505516 7.62394865085032e-09
75.77474612860055 7.2166845035984695e-09
76.13803321000184 7.1508777646256945e-09
76.50306199969316 7.1867044431149185e-09
76.86984084795169 7.061788564875167e-09
77.23837814508805 6.909001400075237e-09
77.60868232163878 6.7797318485616345e-09
77.98076184855898 6.65334543071745e-09
78.35462523741583 6.542459599323777e-09
78.73028104058386 6.299608749673005e-09
79.10773785143994 6.1069388736062185e-09
79.48700430456054 6.173781308108659e-09
79.86808907591856 6.011050013588783e-09
80.25100088308247 5.926341364782952e-09
80.63574848541508 5.777659761063708e-09
81.02234068427455 5.6978148494829125e-09
81.41078632321515 5.459347510070777e-09
81.80109428818997 5.439452219725813e-09
82.19327350775416 5.354807654641715e-09
82.58733295326873 5.204314318313587e-09
82.9832816391065 5.156756481054671e-09
83.38112862285755 5.068665898867458e-09
83.78088300553716 4.986662622086831e-09
84.1825539317933 4.8856200932061815e-09
84.58615059011645 4.5103754864853735e-09
84.99168221304917 4.5837176600923074e-09
85.399158077398 4.59157141186125e-09
85.80858750444493 4.490111577160376e-09
86.21997986016123 4.413706153000499e-09
86.63334455542154 4.33334092715562e-09
87.04869104621876 4.271196567812162e-09
87.46602883388108 4.179399842019107e-09
87.88536746528854 3.949005992604556e-09
88.3067165330922 4.005233803494844e-09
88.73008567593281 3.949945277687994e-09
89.1554845786621 3.880989896141486e-09
89.58292297256347 3.6727519137248685e-09
90.01241063557545 3.403164556332819e-09
90.4439573925146 3.6582824001065585e-09
90.87757311530092 3.5879771433149626e-09
91.31326772318333 3.524578251719849e-09
91.7510511829664 3.453961809439318e-09
92.19093350923895 3.3487339373274924e-09
92.63292476460238 3.2637391453170124e-09
93.07703505990162 3.2608567914406647e-09
93.52327455445568 3.1981833915859474e-09
93.97165345629085 3.13401527037083e-09
94.42218202237332 3.076976982204587e-09
94.87487055884475 2.790658827252407e-09
95.3297294212571 2.863757774966064e-09
95.78676901481035 2.9057516059359886e-09
96.2459997945901 2.841492542759754e-09
96.70743226580653 2.6686040234352197e-09
97.1710769840354 2.735318966245957e-09
97.63694455545861 2.687892280268797e-09
98.10504563710784 2.637247004078441e-09
98.57539093710726 2.575367233866208e-09
99.04799121491956 2.4012102960881346e-09
99.52285728159107 2.3535359515997984e-09
100.0 2.4275562228468855e-09
