 Wavelength    Flux  
0.2 3.21857991690372e-15
0.2002583221197802 1.3278872158407637e-16
0.2005169778911482 7.255001751628129e-16
0.20077596774505196 1.344197843688865e-15
0.20103529211299606 1.1156176486777707e-15
0.20129495142704232 1.3588025498578148e-16
0.20155494611981073 1.3932564861107472e-15
0.20181527662447996 1.5538200858452732e-15
0.20207594337478824 3.9739177295161684e-17
0.202336946805034 2.60319355803607e-15
0.20259828735007662 2.580057383396324e-16
0.20285996544533713 5.808844248244898e-16
0.203121981526799 2.4411633854325015e-15
0.20338433603100875 7.784667113675589e-15
0.2036470293950768 3.423802529760372e-15
0.20391006205667817 4.77571216605596e-16
0.2041734344540531 6.183794221643285e-15
0.20443714702600793 1.1289280432269581e-15
0.20470120021191576 1.3171512788760526e-14
0.2049655944517172 5.889838993917934e-15
0.20523033018592104 8.95044532408449e-15
0.2054954078556051 1.0113782652663104e-14
0.20576082790241687 1.9235178305720348e-14
0.20602659076857424 1.7343468123535377e-14
0.20629269689686633 9.306655014769245e-16
0.20655914673065415 1.3179589438133718e-16
0.2068259407138714 1.1377574664615206e-14
0.20709307929102505 9.588673050049297e-15
0.20736056290719634 1.9966894422214061e-16
0.20762839200804134 7.256368227518336e-15
0.20789656703979165 8.038214236526627e-15
0.20816508844925535 7.894971167398727e-16
0.20843395668381753 1.8649889803729554e-15
0.2087031721914412 2.3060352956709394e-14
0.20897273542066788 3.3021291054213054e-14
0.20924264682061852 1.143546454523473e-14
0.2095129068409941 3.149535121239562e-17
0.20978351593207645 1.8341432176604848e-14
0.210054474544729 2.3457355213130603e-15
0.21032578313039751 1.8491789210228262e-14
0.21059744214111087 6.785279595613575e-18
0.21086945202948174 1.448861669031994e-15
0.21114181324870743 1.9346100693187114e-13
0.2114145262525706 1.8531115188242754e-15
0.21168759149544 2.552351750090915e-14
0.2119610094322713 2.7323401528751615e-13
0.21223478051860775 1.1679260127866615e-14
0.212508905210581 9.053417794042226e-16
0.21278338396491178 1.1247591152960053e-16
0.21305821723891086 8.761996815221346e-15
0.21333340549047955 5.908076292510887e-14
0.21360894917811066 5.141724894350694e-14
0.21388484876088917 8.110156981468689e-16
0.21416110469849303 1.2974564723325345e-16
0.21443771745119392 2.809122709099511e-13
0.214714687479858 8.247858402672318e-14
0.21499201524594666 2.882105243144853e-14
0.21526970121151737 3.0787465031610585e-17
0.2155477458392244 3.2005981976345247e-14
0.21582614959231952 2.631549489092685e-13
0.21610491293465292 1.790128646522028e-13
0.21638403633067385 5.961958618959203e-15
0.21666352024543148 7.901947682902195e-14
0.21694336514457566 2.7915819399636256e-15
0.21722357149435761 2.988306965541719e-15
0.2175041397616308 3.991692335654697e-15
0.21778507041385176 1.182216588973266e-17
0.21806636391908063 1.4288459910377056e-14
0.21834802074598228 2.0968432242884985e-15
0.21863004136382683 3.3679693268398315e-17
0.21891242624249047 1.603794876347709e-16
0.21919517585245638 2.0078497936983104e-13
0.21947829066481533 1.8597469410500325e-14
0.21976177115126666 4.844611882894661e-14
0.22004561778411885 1.1301972956430328e-14
0.2203298310362905 3.893570791807229e-12
0.220614411381311 1.8073446866125607e-16
0.22089935929332136 7.312185451826237e-15
0.22118467524707502 3.701925052884209e-13
0.2214703597179386 4.3378581518662064e-14
0.22175641318189265 1.660394991915347e-17
0.22204283611553263 3.4728205031302205e-14
0.22232962899606945 7.303037481947972e-14
0.22261679230133047 3.66103485499331e-16
0.22290432650976016 1.0225043137589814e-13
0.22319223210042102 2.1165167906056556e-16
0.22348050955299428 1.3980107216344706e-14
0.2237691593477807 7.313225561382428e-16
0.2240581819657014 3.1060403041846176e-13
0.22434757788829876 2.913306235827996e-14
0.224637347597737 5.049340387375425e-13
0.22492749157680322 6.160494882886029e-12
0.225218010308908 7.17199448898642e-14
0.22550890427808634 2.9856418276642466e-12
0.22580017396899843 7.724188282796438e-19
0.22609181986693044 1.006999717806863e-17
0.22638384245779536 8.821363988988356e-14
0.22667624222813373 9.867283095318074e-17
0.2269690196651146 2.0960790893435394e-13
0.2272621752565362 1.2081121085175078e-16
0.2275557094908268 1.7227180681143667e-12
0.22784962285704555 1.3470096489193794e-16
0.22814391584488328 6.96526202264168e-13
0.22843858894466326 3.734970806480355e-14
0.22873364264734214 4.671777223428024e-13
0.22902907744451065 1.6819662497445862e-12
0.22932489382839447 3.752241978753508e-15
0.229621092291855 9.02717354741309e-12
0.22991767332839036 7.281439605027975e-13
0.23021463743213594 1.237095510941684e-16
0.2305119850978654 4.690110079010466e-16
0.23080971682099147 2.8597176416744255e-17
0.23110783309756677 3.0842669974496027e-12
0.2314063344242846 3.33198177627195e-16
0.23170522129847979 3.297641407937404e-14
0.23200449421812958 5.225980617022426e-12
0.23230415368185434 6.324035657657886e-13
0.2326042001889185 6.206235753546489e-15
0.23290463423923136 3.6660622269734715e-12
0.23320545633334788 3.08639141009567e-11
0.23350666697246955 1.523916719614606e-11
0.2338082666584452 5.409108257808937e-13
0.23411025589377188 3.111566218933383e-11
0.23441263518159566 3.4971421306442316e-12
0.23471540502571248 7.554949298364146e-14
0.235018565930569 4.450422672723007e-15
0.23532211840126338 1.277982130781376e-16
0.23562606294354627 4.454822085040788e-12
0.23593040006382143 5.2784644832762464e-12
0.23623513026914678 4.073687939989814e-13
0.2365402540672351 1.8223461815183484e-12
0.23684577196645507 1.823953293967092e-14
0.2371516844758318 1.9827744820248384e-12
0.23745799210504795 1.999135111669334e-12
0.23776469536444456 5.842562999051286e-15
0.2380717947650217 7.802860357526124e-13
0.23837929081843953 3.2485012356693184e-11
0.2386871840370191 1.343933526790548e-13
0.2389954749337431 2.4188030130276003e-13
0.23930416402225688 3.1104282846882176e-15
0.23961325181686913 1.0056157209899529e-13
0.23992273883255288 1.004134697855682e-13
0.24023262558494632 3.1757862939238107e-11
0.24054291259035362 5.705154204898446e-13
0.2408536003657458 2.9867637033384967e-12
0.24116468942876162 8.801714149572257e-13
0.24147618029770843 7.947014849791944e-16
0.24178807349156306 1.652468947208762e-14
0.24210036952997258 2.467742614536591e-12
0.2424130689332553 1.4668464555357943e-11
0.24272617222240156 8.96478389666351e-11
0.24303967991907466 1.7981167139761086e-11
0.2433535925456116 3.9215055244845115e-12
0.2436679106250241 3.4943492479026617e-11
0.2439826346809994 1.1244959151809352e-11
0.24429776523790114 6.412723820439422e-11
0.24461330282077018 1.9655479061341065e-11
0.24492924795532564 4.2684518401393314e-11
0.24524560116796554 2.1541345614175732e-10
0.2455623629857679 8.893193873718629e-11
0.24587953393649145 7.920485360365967e-12
0.24619711454857662 2.405035917137553e-11
0.24651510535114637 2.591080014196628e-12
0.24683350687400707 2.3677001167677927e-11
0.2471523196476494 1.061740131022695e-10
0.24747154420324924 1.4736323174220634e-11
0.2477911810726685 3.180887466921165e-11
0.24811123078845612 1.5851008333523365e-11
0.2484316938838488 2.495737135711537e-14
0.24875257089277208 4.3672405306107235e-12
0.24907386234984102 5.110305116244227e-14
0.24939556879036126 1.8650106843578894e-12
0.2497176907503298 1.39167019858784e-11
0.25004022876643595 8.057407843540041e-11
0.2503631833760623 4.686020132418818e-11
0.2506865551172853 6.379116077823108e-11
0.25101034452887677 2.198176220288807e-12
0.25133455215030404 7.664863060886259e-11
0.25165917852173136 5.2296172125930665e-11
0.25198422418402067 1.6929411895590808e-13
0.2523096896787326 3.212235367180783e-13
0.252635575548127 2.3923337513374002e-11
0.25296188233516437 1.1480608912723212e-11
0.2532886105835064 9.119721157328805e-11
0.2536157608375169 2.0026978556790397e-11
0.25394333364226296 7.838977664533427e-11
0.2542713295435155 6.086637365393818e-11
0.2545997490877505 1.8436472469303488e-11
0.25492859282214975 7.85200715507712e-11
0.2552578612946017 4.6316897755712515e-10
0.25558755505370256 7.490479875406117e-11
0.2559176746487571 1.7764052221285802e-10
0.2562482206297795 1.8305512671016728e-10
0.25657919354749437 4.304162035865835e-11
0.25691059395333776 5.32266978555717e-11
0.2572424223994578 5.5410718789643376e-11
0.25757467943871587 3.0201928001504665e-11
0.2579073656246874 5.337295758605198e-11
0.25824048151166284 1.4939203772114947e-10
0.25857402765464854 2.6701300217154946e-10
0.2589080046093678 2.367393113675012e-11
0.2592424129322615 2.6228168578991046e-11
0.25957725318048946 1.1657455726093087e-09
0.2599125259119309 4.232844753008449e-10
0.26024823168518585 1.9721136655911565e-11
0.26058437105957566 3.1872443985932273e-10
0.26092094459514414 8.893672416399341e-10
0.2612579528526584 3.714393875507475e-11
0.26159539639361007 2.247044775262965e-10
0.2619332757802157 6.913063540215029e-10
0.26227159157541824 5.419163955280142e-10
0.26261034434288766 5.496903777940831e-10
0.2629495346470219 1.7491936246714723e-09
0.2632891630529481 8.080997689360132e-10
0.26362923012652295 6.673965914694428e-10
0.26396973643433447 2.0394907553340247e-09
0.2643106825437021 1.325620843570825e-09
0.2646520690226783 3.079513384004952e-10
0.264993896440049 1.7177085329529255e-09
0.265336165365335 1.388462306457122e-10
0.26567887636879256 4.885039381593082e-10
0.26602203002141456 5.623468227914078e-10
0.2663656268949313 4.365987448080514e-10
0.2667096675618117 2.807424537627161e-10
0.2670541525952639 9.628531529911598e-12
0.2673990825692364 1.182828794576751e-10
0.2677444580584192 2.9035932288667276e-10
0.2680902796382444 2.288444589708131e-11
0.2684365478848874 1.0555316929006218e-09
0.2687832633752679 3.665955477831655e-10
0.26913042668705056 1.2843297171737138e-10
0.26947803839864626 4.906948052550972e-10
0.26982609908921296 4.0474103225477883e-10
0.27017460933865667 1.534527103751087e-09
0.27052356972763236 1.7966239839011718e-09
0.2708729808375451 1.8065461904318566e-09
0.2712228432505507 1.7414900158926146e-09
0.27157315754955713 1.030702507408809e-09
0.2719239243182251 2.1592581841604562e-11
0.2722751441409692 4.5422419573061556e-11
0.2726268176029589 1.0821384977724833e-09
0.2729789452901195 5.249396924286071e-11
0.27333152778913306 1.186879620256109e-10
0.2736845656874392 1.0513631449032156e-09
0.2740380595732367 1.1676729287173239e-09
0.2743920100354837 7.07551647057672e-10
0.27474641766389923 1.126398149833275e-09
0.275101283048964 3.6210177413712385e-12
0.27545660678192124 8.941764798656355e-10
0.27581238945477804 9.188692294024482e-10
0.276168631660306 2.8578583033907016e-09
0.2765253339920424 2.5898015472106973e-09
0.2768824970442911 2.5114931360442134e-09
0.2772401214121236 1.8463432252397544e-09
0.2775982076913801 1.1770477233259896e-09
0.27795675647867013 9.78061810665885e-10
0.2783157683713741 7.318398850137115e-10
0.2786752439676438 1.9858223765016993e-09
0.2790351838664037 2.7214670177668225e-09
0.27939558866735176 6.029668151788907e-10
0.2797564589709607 1.5228401784382456e-09
0.28011779537847853 1.1360493145422626e-09
0.2804795984919301 2.0359402628103356e-09
0.2808418689141177 1.2903264723777483e-09
0.28120460724862234 2.616508113378633e-09
0.2815678140998044 2.1786824684937023e-09
0.28193149007280505 1.6291661389812438e-09
0.282295635773547 1.1520380495913873e-09
0.28266025180873555 1.0186415555010896e-09
0.28302533878585967 1.71346825577518e-09
0.283390897313193 2.945014275942155e-10
0.28375692799979474 1.1553692146480289e-09
0.28412343145551083 1.5046867879914283e-10
0.2844904082909748 4.388364998421138e-10
0.2848578591176091 1.3481076602021533e-10
0.2852257845476256 7.523325414818304e-13
0.28559418519402713 6.163314193746397e-11
0.28596306167060814 6.214954899350183e-10
0.2863324145919561 1.2470787055577657e-09
0.2867022445734519 3.4765307651962496e-09
0.28707255223127165 5.712305907300364e-09
0.28744333818238704 7.999865429108698e-09
0.28781460304456685 2.4555324769652013e-09
0.28818634743637767 1.3932360946187315e-08
0.288558571977185 1.2889205058902217e-08
0.2889312772871544 3.3969580068019225e-08
0.28930446398725246 4.867376760449779e-08
0.28967813269924775 3.5512972080996645e-08
0.2900522840457119 3.497215056052611e-08
0.29042691865002074 9.19427169297447e-08
0.2908020371363552 8.407320390774598e-08
0.2911776401297025 9.053868198539476e-09
0.2915537282558569 1.4061440873877244e-07
0.29193030214142124 1.8160755481249493e-07
0.29230736241380745 1.3301132688212117e-07
0.29268490970123784 2.2606159064930308e-07
0.2930629446327463 2.981084424318797e-08
0.29344146783817904 2.835240100743236e-08
0.2938204799481959 3.386447904390362e-09
0.2941999815942711 1.0064057426346067e-08
0.2945799734086947 5.068467665701361e-08
0.29496045602457327 2.0427928262149583e-08
0.29534143007583125 8.771974755588916e-08
0.2957228961972117 3.6384816282938464e-08
0.2961048550242777 1.9239662197144226e-07
0.29648730719341304 7.72261050293168e-08
0.2968702533418236 9.427401690474335e-09
0.29725369410753827 3.853360038967813e-08
0.29763763012941 1.4896982354192397e-08
0.2980220620471169 1.8855255834804345e-07
0.2984069905011632 1.6867519695501447e-09
0.29879241613288066 6.760533811890305e-08
0.2991783395844291 1.5055327526326345e-07
0.29956476149879785 1.6642221370173336e-09
0.2999516825198069 5.685067508251448e-08
0.3003391032921076 1.7390261383825307e-11
0.3007270244611841 9.526567776649725e-08
0.30111544667335405 1.2982513042121673e-07
0.3015043705757701 2.2541433192503837e-08
0.3018937968164207 1.3415090410554423e-08
0.30228372604413123 4.045882773296137e-09
0.3026741589085651 3.271251277364698e-13
0.30306509606022475 2.1958115067027038e-07
0.30345653815045304 1.4911416694720602e-07
0.3038484858314339 1.3489268976062306e-09
0.30424093975619376 2.0358387723182173e-07
0.3046339005786024 1.2568355525194686e-07
0.30502736895337423 6.02937072568279e-08
0.30542134553606926 1.2717522815069005e-07
0.30581583098309423 1.880559262773041e-08
0.3062108259517036 1.696914716909011e-07
0.306606331100001 3.3353215053697046e-07
0.3070023470869399 1.282966802664711e-06
0.30739887457232484 5.913390671380577e-07
0.3077959142168126 4.855494148423397e-07
0.30819346668191344 2.8922621295067542e-08
0.3085915326299918 1.5968386047421464e-07
0.30899011272426774 1.5959824819761135e-07
0.309389207628818 3.01142137231052e-09
0.3097888180085769 4.577075341091469e-08
0.3101889445293377 4.882692803859185e-08
0.3105895878577537 7.144388281681022e-07
0.310990748661339 2.5335156691055733e-06
0.3113924276084701 2.8568261147297985e-06
0.31179462536838665 4.832000152008032e-06
0.3121973426111928 4.156964093501336e-06
0.31260058000785806 7.061214145620942e-06
0.3130043382302188 1.2509018285507063e-06
0.31340861795097885 5.658394443258755e-07
0.3138134198437112 1.2258233979309058e-06
0.31421874458285864 1.1683898664529141e-05
0.31462459284373523 5.343035898258703e-06
0.31503096530252706 3.2968378318614673e-06
0.31543786263629375 6.207078341306248e-06
0.3158452855229694 1.2268948820513686e-05
0.31625323464136373 1.632883906723395e-05
0.31666171067116317 6.158430988115923e-06
0.31707071429293215 1.0918271557268793e-05
0.31748024618811393 2.50701273044045e-05
0.31789030703903215 2.859590238691131e-06
0.3183008975288916 4.242861631828198e-06
0.3187120183417796 1.1331353583413796e-06
0.3191236701626669 7.463758131960095e-06
0.31953585367740917 1.7264682018649986e-06
0.3199485695727477 7.708756091784205e-06
0.320361818536311 1.1359980189096038e-05
0.3207756012566157 2.0523748063600552e-05
0.3211899184230675 1.1883828108069455e-05
0.32160477072596283 1.6151567838489011e-06
0.32202015885648955 8.40740969328508e-06
0.32243608350672837 1.3585867337710367e-05
0.3228525453696537 8.864099042549204e-06
0.32326954513913525 4.865237771712224e-06
0.32368708350993886 7.101070254748684e-07
0.3241051611777276 4.712132081671219e-06
0.3245237788390632 5.120711677199384e-06
0.32494293719140704 3.1051117392895106e-08
0.32536263693312145 2.1594635993549946e-05
0.3257828787634706 3.476244574201989e-05
0.3262036633826219 3.0488975706085378e-05
0.3266249914916472 4.298902020269961e-06
0.32704686379252373 5.140274752893387e-06
0.32746928098813544 1.67090345564762e-07
0.3278922437822741 2.2390638097554308e-06
0.3283157528796407 5.141363303278479e-06
0.32873980898584615 1.3812441360266085e-05
0.3291644128074129 7.615032142408017e-06
0.32958956505177595 2.570506549870019e-05
0.3300152664272839 4.591328974512358e-06
0.33044151764320046 1.276305042427167e-07
0.3308683194097053 1.0502062744421855e-05
0.33129567243789537 2.9719376703922045e-05
0.33172357743978614 2.854636376974752e-06
0.3321520351283127 1.505167225316063e-06
0.3325810462173309 2.8312567006113508e-05
0.33301061142161875 3.109481022451854e-05
0.33344073145687736 1.2454042122437035e-05
0.3338714070397323 4.550793937336703e-05
0.33430263888773476 1.0361626089088829e-06
0.3347344277193627 4.6892208850596415e-05
0.335166774254022 9.144881462102588e-06
0.3355996792120479 3.3406825886677597e-06
0.3360331433147059 1.902100704671807e-05
0.3364671672841931 1.8378130981571363e-05
0.3369017518436396 1.5126010098872222e-06
0.33733689771710906 1.2060214706264843e-06
0.3377726056296008 1.1583457099230786e-05
0.3382088763070504 5.374354513776639e-07
0.33864571047633085 5.664969446943602e-06
0.3390831088652544 3.598795221483547e-06
0.33952107220257305 1.4839490076322954e-06
0.33995960121798 3.9843591539094575e-06
0.3403986966421113 3.383242053319406e-05
0.34083835920654626 5.5827536372187535e-06
0.3412785896438094 2.5037028431740353e-06
0.3417193886873713 8.100281179452194e-07
0.34216075707164983 6.2091218117390346e-06
0.3426026955320115 4.531976311730165e-06
0.34304520480477263 1.1326228675315403e-05
0.3434882856272006 1.461357616121605e-07
0.34393193873751493 6.111973538569333e-07
0.34437616487488887 3.524355233825162e-07
0.34482096477945007 9.449231338873015e-07
0.34526633919228245 3.216644165109531e-06
0.3457122888554269 5.370860748079705e-06
0.3461588145118828 7.190279212721389e-07
0.3466059169056093 6.629322725150288e-07
0.3470535967815263 3.8649944433484183e-07
0.347501854885516 6.267971684902068e-09
0.34795069196442385 4.4072263088558e-06
0.34840010876606 1.0615189109636573e-07
0.3488501060392004 4.173396989939534e-06
0.3493006845335883 6.865097522843637e-07
0.3497518449999352 3.0439483866743655e-06
0.35020358818992225 4.32688769236751e-07
0.35065591485620146 1.65355431305528e-05
0.35110882575239705 2.9012752407773447e-07
0.35156232163310647 2.1924312833091795e-07
0.35201640325390193 5.415615716714046e-06
0.35247107137133166 3.429153513841541e-07
0.3529263267429208 1.6074269733946445e-06
0.3533821701271731 2.310467816180215e-05
0.3538386022835719 5.1931709744146804e-05
0.35429562397258163 3.8315289355291404e-05
0.3547532359556488 4.2382624674502225e-05
0.3552114389952035 2.9182233655338593e-05
0.3556702338546605 3.074031612537867e-05
0.35612962129842074 1.6397175453579327e-05
0.3565896020918723 2.1997250041496126e-06
0.357050177001392 8.926404449336824e-07
0.35751134679434643 2.5712641166112263e-06
0.35797311223909334 5.4458992242880654e-11
0.35843547410498283 1.9628121499963886e-06
0.3588984331623589 9.660921405343564e-08
0.3593619901825603 1.7809275578544867e-07
0.3598261459379222 1.304479134846487e-06
0.36029090120177726 1.9463779039178823e-06
0.360756256748457 4.281191486366522e-07
0.36122221335329313 2.6198569628914573e-06
0.36168877179261866 1.913231196934949e-06
0.3621559328437694 4.374637312563359e-06
0.36262369728508526 8.33865503120989e-06
0.36309206589591125 9.844813377239196e-06
0.36356103945659923 1.1059852070646284e-05
0.3640306187485088 3.8485218194949476e-05
0.3645008045540088 1.969519267143652e-05
0.36497159765647863 3.344083715258643e-06
0.3654429988403095 1.014079072126504e-06
0.3659150088909058 9.066016670380035e-08
0.36638762859468615 5.2204853779056836e-05
0.3668608587390852 5.627866709483545e-05
0.3673347001125544 3.5226315971175776e-05
0.3678091535045639 1.3170177472074625e-05
0.3682842197056031 6.173268160392782e-06
0.3687598995071828 1.4447828521789215e-05
0.3692361937018359 4.026757026025273e-05
0.369713103083119 2.244604658030475e-05
0.3701906284456137 1.7861498028396115e-05
0.37066877058492775 9.73302561688712e-09
0.3711475302976968 7.633895132842611e-06
0.3716269083815852 3.5702822928092088e-06
0.3721069056352876 7.115869259846593e-10
0.3725875228585303 2.7337246646353737e-06
0.37306876085207263 3.0465613901343908e-06
0.373550620417708 5.865575854107682e-07
0.3740331023582654 3.0368531432114464e-07
0.37451620747761116 1.023357668624299e-06
0.3749999365806494 5.188401189961632e-07
0.3754842904733241 6.6815769627027525e-06
0.3759692699626202 2.0068741864837794e-06
0.3764548758565649 2.320016354663595e-06
0.37694110896422917 1.855002249731063e-05
0.3774279700957288 5.2071749605951384e-05
0.37791546006222604 5.50006939195608e-07
0.3784035796759309 1.8591919614384174e-05
0.3788923297501024 3.1691297057940036e-07
0.37938171109904983 4.226062141996239e-05
0.3798717245381345 2.7180940572352894e-05
0.3803623708837707 6.25324446492772e-05
0.3808536509534272 3.789587486849208e-06
0.38134556556562876 4.047116785459347e-05
0.38183811553995717 1.744318102675797e-05
0.38233130169705287 5.654715095429902e-06
0.38282512485861636 6.462506625612933e-06
0.38331958584740927 9.812226439561526e-06
0.38381468548725606 2.7978776228950368e-05
0.3843104246030452 1.0532187076178689e-05
0.3848068040207306 2.9651405615797173e-05
0.3853038245673329 1.4533281832588262e-05
0.3858014870709411 7.682747868478296e-07
0.38629979236071366 1.9766900794207803e-06
0.3867987412668799 1.5962613297270913e-05
0.38729833462074176 1.6095139941095767e-05
0.38779857325467454 5.202185902192516e-06
0.3882994580021289 7.437301152730284e-07
0.3888009896976319 7.093166721988105e-07
0.3893031691767885 2.0824045790648165e-05
0.3898059972762829 8.458783982086296e-06
0.39030947483388007 1.2476895201382629e-05
0.3908136026884269 7.577897838055436e-06
0.39131838167985394 2.5610421708904393e-05
0.3918238126491764 4.930880491201523e-06
0.39232989643849575 3.068574890628195e-06
0.3928366338910014 2.8027344635468644e-06
0.39334402585097156 1.175492166978435e-05
0.39385207316377496 1.5074917094705678e-05
0.3943607766758724 1.8840867064305618e-06
0.3948701372348177 4.3435632848548845e-06
0.3953801556892596 1.2734816722663527e-05
0.39589083288894295 4.342816302443438e-06
0.39640216968471 8.65203686526888e-07
0.396914166928502 1.056034496627178e-05
0.3974268254733608 2.268671656550871e-05
0.3979401461734297 3.777391823840916e-05
0.39845412988395545 4.258982024562885e-05
0.39896877746128934 4.065262440853254e-05
0.39948408976288885 5.553297177504534e-05
0.4000000676473189 9.585146194358562e-06
0.4005167119742532 5.485194620638313e-05
0.40103402360447604 2.9383531731250908e-05
0.40155200339988345 5.932692439088448e-05
0.4020706522234846 5.293977768283459e-05
0.4025899709394034 1.9688404716754384e-05
0.40310996041287994 3.4646137363236853e-06
0.40363062151027174 4.837210200488975e-06
0.4041519550990553 4.029985283980694e-05
0.40467396204782774 7.168015453401052e-06
0.40519664322630794 5.15496914230589e-05
0.40571999950533805 5.217692419018251e-05
0.4062440317568852 4.9830402894040784e-05
0.4067687408540426 4.8225493260128834e-05
0.40729412767103124 3.066866985879245e-06
0.4078201930832012 4.400454608348085e-05
0.40834693796703325 2.2059404009284232e-05
0.4088743632001402 2.9066193224819855e-05
0.4094024696612683 2.7871054093282396e-05
0.40993125823029897 3.0006294246069347e-05
0.41046072978825 3.789764302231622e-05
0.41099088521727706 3.432938105571169e-05
0.41152172540067533 3.349365752370034e-05
0.41205325122288083 3.222998302570654e-05
0.41258546356947184 3.1211196178702416e-05
0.4131183633271706 2.4910012524589683e-05
0.41365195138384453 2.7890446462252014e-05
0.4141862286285079 2.5454102608821166e-05
0.4147211959513233 2.4793933043392824e-05
0.4152568542436028 2.316200002525701e-05
0.4157932043978101 2.08682785630242e-05
0.41633024730756124 1.776996370742628e-05
0.4168679838676267 1.7421715252134e-05
0.41740641497393255 1.4539252686154836e-05
0.41794554152356206 1.3098790507911618e-05
0.41848536441475725 1.2596824340478915e-05
0.41902588454692025 1.074187754330865e-05
0.4195671028206148 9.14858945136395e-06
0.42010902013756807 8.20771637446092e-06
0.4206516374006716 7.540989316727707e-06
0.4211949555139833 5.789189201729534e-06
0.4217389753827287 1.8346382270436633e-08
0.4222836979133026 2.3076549682691562e-06
0.4228291240132705 8.081165113688468e-08
0.42337525459137 2.886075027214087e-06
0.4239220905575125 5.766409159404447e-06
0.4244696328227848 8.644854604046806e-06
0.42501788229945026 1.0407216264847285e-05
0.4255668399009506 1.8396871180908932e-07
0.4261165065419074 2.12740979876444e-05
0.42666688313812356 2.5110585446932885e-05
0.42721797060658473 1.913707816985316e-05
0.4277697698654611 1.0011498819633437e-05
0.4283222818341087 3.0585136904993255e-05
0.42887550743307107 1.577680339412868e-05
0.4294294475840806 1.6073949442785822e-05
0.4299841032100603 1.1803158068064277e-05
0.4305394752351253 6.732280041484643e-05
0.4310955645845842 4.2382976577114845e-05
0.4316523721849408 7.963036608616901e-05
0.43220989896389556 9.720631934804886e-05
0.4327681458503472 3.763113057398538e-05
0.43332711377439415 8.873146362062594e-05
0.43388680366733623 2.7897094475282663e-05
0.43444721646167617 0.00013366931091133636
0.43500835309112107 0.00010893599630779103
0.435570214490584 6.389125466721877e-05
0.4361328015961855 8.440970528098734e-05
0.43669611534525543 9.206775749624083e-05
0.4372601566763342 3.859550931375596e-05
0.4378249265291744 0.00010663057679138039
0.43839042584474247 7.789286126415195e-05
0.4389566555652202 0.00018117948776092543
0.4395236166340063 0.0001415722223752043
0.440091309995718 0.00016264687944904843
0.4406597365961926 0.00010861318993442321
0.4412288973824891 0.00011550302277057545
0.4417987933028897 0.00013776298033962983
0.44236942530690126 7.576261155453978e-05
0.44294079434525735 0.00010104804318957256
0.4435129013699192 3.292134006302081e-05
0.4440857473340779 0.00017358720507816772
0.4446593331921554 9.097047283413181e-05
0.44523365989980657 0.00017804430251027047
0.44580872841392055 0.0001051611864529331
0.4463845396926225 7.578091309028572e-05
0.44696109469527495 8.167258209171657e-05
0.44753839438247967 8.074198667434172e-05
0.4481164397160792 0.0002084832475394036
0.44869523165915814 0.0001106852062170835
0.44927477117604536 0.00014941226967277987
0.4498550592323151 7.956295021154791e-05
0.45043609679478874 6.547652426508601e-05
0.45101788483153643 0.00011767529743255499
0.45160042431187863 6.646412374907233e-05
0.452183716206388 3.9667104013952316e-05
0.4527677614868905 0.00013891421797608384
0.4533525611264676 0.00010359227379995665
0.4539381160994574 0.00031283549054738344
0.45452442738145654 7.964523186084521e-05
0.45511149594932176 8.188430229205297e-05
0.45569932278117153 6.72770685957119e-05
0.4562879088563876 0.00033038170416065115
0.45687725515561683 0.0004995894176309106
0.45746736266077254 0.00021281051006530267
0.4580582323550364 0.0002823488821445886
0.45864986522285994 0.0001905713273527883
0.4592422622499662 5.983832437148826e-05
0.4598354244233515 5.1982094769744676e-05
0.46042935273128677 9.498178716116512e-06
0.46102404816331954 5.094660171944473e-05
0.46161951171027543 2.2077417097416832e-05
0.4622157443642599 0.0003204299255948907
0.4628127471186596 9.736908034409414e-06
0.46341052096814445 1.9958225296490778e-05
0.4640090669086691 0.00010022534259667408
0.4646083859374744 0.0001585339471347354
0.4652084790530895 9.484743400934663e-05
0.46580934725533296 0.00016961936500713409
0.466410991545315 0.00023182973393473316
0.4670134129254388 0.00018163324068722425
0.46761661239940217 4.394964210484984e-05
0.4682205909721993 1.3723807253894834e-05
0.4688253496501226 1.6786301984017946e-05
0.4694308894407641 0.00046881342174024624
0.4700372113530173 3.818501570939373e-05
0.4706443163970786 0.0004983272979452848
0.4712522055844495 0.00023507289708544853
0.4718608799279378 2.193683800994629e-05
0.4724703404416594 4.607354089988942e-05
0.47308058814104015 0.0005132297481365406
0.47369162404281734 0.000679393843682444
0.4743034491650416 0.00032934875891729655
0.4749160645270784 0.00036463669665540545
0.47552947114960986 0.00024088022745018744
0.47614367005463637 9.664006992174574e-05
0.47675866226547853 6.579294853234538e-05
0.4773744488067784 8.431305819302016e-05
0.47799103070450166 0.0003181920897501475
0.47860840898593915 1.0151358714570072e-05
0.4792265846797084 0.00018000113794794048
0.4798455588157558 0.0008909049691938698
0.4804653324253577 0.00010349894436028687
0.4810859065411227 7.667141973012034e-06
0.48170728219699305 0.00010238101028677306
0.4823294604282464 0.0001862919016297024
0.48295244227149764 0.0003192907003255618
0.4835762287647006 0.00010495959583731245
0.48420082094714956 0.00010624676501008283
0.4848262198594814 0.000566584617958357
0.48545242654367693 0.0001966291066326782
0.48607944204306286 5.196252109055756e-05
0.48670726740231346 0.00013289417573011302
0.4873359036674524 5.464395839763685e-05
0.48796535188585416 7.195210427681021e-05
0.48859561310624633 0.0007909416665791324
0.4892266883787108 0.0003347938521870522
0.4898585787546859 0.00014747167667699594
0.49049128528696795 0.00021975086393168013
0.4911248090297131 0.0007294162370411127
0.49175915103843904 0.00036417850128044955
0.49239431237002673 0.00018314861821423954
0.49303029408272236 0.00010334510714594387
0.49366709723613883 0.00011415461531402486
0.4943047228912576 0.0007852783038468352
0.4949431721104307 0.00036032026732338025
0.49558244595738216 0.00024946041388954434
0.4962225454972099 3.889845945775639e-06
0.4968634717963876 1.1148092165609628e-05
0.4975052259227665 7.924267123846848e-05
0.4981478089455769 0.00035262902397622696
0.49879122193543024 0.0004432970760614457
0.49943546596432076 0.0008049323832216574
0.5000805421056272 1.6388241352880443e-05
0.500726451434115 1.8950705470189478e-05
0.5013731950259372 4.513924930299819e-05
0.5020207739586375 0.0001499147913003216
0.5026691893111509 4.60354933996145e-05
0.5033184421638061 1.3896636761852663e-05
0.5039685335983272 0.00014492270105689458
0.5046194646978353 0.0003522763591425961
0.5052712365468507 0.00013623030535786244
0.5059238502312943 0.0002685554368224119
0.5065773068384898 0.0001445722186301325
0.507231607457165 0.00025625730130900983
0.5078867531774541 0.00024967558144075637
0.5085427450908995 0.0004902927195625655
0.509199584290453 0.00020555833996974748
0.5098572718704785 8.699169484158728e-05
0.5105158089267531 0.000551097543188938
0.5111751965564693 2.9661814572368155e-05
0.5118354358582369 0.00020954803390100803
0.5124965279320843 0.00010489180189969761
0.5131584738794613 0.00017873242333548922
0.5138212748032398 0.0006815414272551954
0.5144849318077164 0.00015840143847586276
0.515149445998614 0.00017958142256964437
0.5158148184830837 7.805867395305954e-05
0.5164810503697066 0.00048468537196263886
0.5171481427684955 1.8122886807174556e-05
0.5178160967908972 4.5227183092454066e-05
0.5184849135497939 2.337979110574289e-05
0.5191545941595049 4.6038456290143326e-05
0.5198251397357894 1.1677906641486423e-05
0.5204965513958473 8.381501643923307e-05
0.5211688302583215 9.620688744620625e-05
0.5218419774432999 0.0004424877987972613
0.522515994072317 0.0008158726194572671
0.523190881268356 0.00016295781498561445
0.5238666401558505 0.00022910464972545334
0.5245432718606864 0.0002325138840576121
0.5252207775102038 0.00042426591603969137
0.5258991582331989 3.0648400716974626e-05
0.5265784151599259 9.024127546157635e-05
0.5272585494220988 0.000187922785670909
0.5279395621528935 5.0849741318285147e-05
0.5286214544869493 0.0007961665728909574
0.529304227560371 0.0007135869982255095
0.529987882510731 9.928953737005024e-05
0.5306724204770709 0.0009415436086578676
0.5313578425999034 0.00015337948829416417
0.5320441500212145 0.00021753622325562883
0.5327313438844651 0.00010954064412738161
0.533419425334593 0.00018634725333135008
0.5341083955180147 0.00018891278193293513
0.5347982555826277 0.00026687325058111916
0.535489006677812 0.00045930432678044543
0.5361806499544318 0.0005829050002476268
0.5368731865648385 0.00025959677146749477
0.5375666176628714 0.0003862603936480611
0.53826094440386 0.00035522832338481157
0.5389561679446264 0.0003037604334406849
0.5396522894434866 0.0002344016636613259
0.540349310060253 0.00035455781436904017
0.5410472309562355 0.00021030250822316076
0.5417460532942445 0.00023890690818517254
0.5424457782385921 0.0004467005792127922
0.5431464069550941 0.00012696366483057976
0.5438479406110722 0.00022983670402757587
0.5445503803753559 0.0005901118145710824
0.5452537274182842 1.9024772845535208e-05
0.5459579829117078 6.3035821902942e-05
0.5466631480289911 0.00036183638523624013
0.5473692239450139 8.257013965795681e-05
0.5480762118361733 7.682311452039248e-05
0.5487841128803863 6.133979334409193e-05
0.5494929282570911 0.0003473244448730037
0.550202659147249 0.0001355096787000414
0.5509133067333469 8.248984111471987e-05
0.5516248721993993 2.618683679586791e-05
0.5523373567309493 9.464601338657417e-05
0.5530507615150719 8.001246261005582e-05
0.5537650877403749 5.185818933734991e-05
0.5544803365970017 0.0003070190065884427
0.5551965092766324 0.00022717469998936212
0.5559136069724869 0.0002570970997856388
0.5566316308793258 0.00011363303832496315
0.557350582193453 0.00023226891494318864
0.5580704621127176 0.000235213399546651
0.5587912718365159 0.00023599720044343274
0.5595130125657932 9.319377638992463e-05
0.5602356855030461 0.00017679397097019955
0.5609592918523243 0.0001788541553638903
0.5616838328192327 8.86950906137862e-05
0.5624093096109333 0.00011457338194239452
0.5631357234361473 4.023393803975181e-05
0.563863075505157 5.542640110816137e-05
0.5645913670298083 6.923211520678429e-05
0.565320599223512 0.00019598479609530937
0.566050773301246 0.00018621367203291813
0.566781890479558 0.0002110936407110916
0.5675139519765664 5.2288459808297826e-05
0.5682469590119634 0.00011656612187247525
0.5689809128070165 5.7249771754729635e-05
0.5697158145845702 9.154457254047762e-05
0.5704516655690491 0.00021965746478261057
0.5711884669864588 0.00012560159608224206
0.5719262200643883 0.00027380296726068335
0.5726649260320128 0.00010359452246947579
0.5734045861200945 0.00014972333451349727
0.5741452015609856 0.0001778393971929022
0.5748867735886298 0.0002430796320733685
0.5756293034385648 0.00020429575653709172
0.5763727923479239 6.841922525455842e-05
0.5771172415554386 0.00016784589778436623
0.57786265230144 0.00022207026245261253
0.5786090258278614 0.0001760485423327753
0.5793563633782405 0.0001351299323742711
0.5801046661977204 0.0002511254146136514
0.5808539355330532 0.00014709264488999425
0.581604172632601 0.00011029319909837702
0.5823553787463382 0.00019764376411514532
0.5831075551258539 0.0001819487767398083
0.5838607030243536 0.00017699659165372684
0.5846148236966615 0.000210701888969495
0.5853699183992227 6.617474982349916e-05
0.5861259883901049 7.738786094360136e-05
0.5868830349290007 7.895646360371146e-05
0.5876410592772301 5.1290378408854204e-05
0.5884000626977419 3.361036048622817e-05
0.5891600464551162 1.1011755104680827e-08
0.5899210118155666 1.8972829931515016e-05
0.5906829600469419 3.775001396542538e-05
0.5914458924187286 4.1398293599040024e-05
0.592209810202053 5.0314265297983905e-05
0.5929747146696831 0.00010339668003728225
0.5937406070960306 3.679855309696278e-05
0.5945074887571536 6.664189415049242e-05
0.5952753609307583 5.202393034788622e-05
0.596044224896201 9.741044101077283e-05
0.5968140819344906 7.478650905200991e-05
0.5975849333282904 8.69248297030724e-05
0.5983567803619207 9.045869299926486e-05
0.5991296243213603 0.00018653899879429327
0.5999034664942493 8.494315186783018e-05
0.6006783081698907 0.00018822785151100414
0.6014541506392527 0.00015006675102985
0.6022309951949713 0.00010715734911888325
0.6030088431313516 0.00020131163290080771
0.6037876957443711 0.00014784967002591463
0.6045675543316804 0.00016905203360010416
0.6053484201926067 0.0002500458414004012
0.6061302946281554 0.000273851141829342
0.606913178941012 0.0003593638606232155
0.6076970744355448 0.0002909477172401444
0.6084819824178068 0.0002621979611217601
0.6092679041955379 0.0004171245478344588
0.6100548410781669 0.00010961518454393546
0.6108427943768142 0.0005235937522831677
0.6116317654042935 0.0002858041966273004
0.6124217554751141 0.00035193173736162915
0.6132127659054832 0.0003516469259837603
0.6140047980133081 0.00044105818940000634
0.614797853118198 0.0003703868701645314
0.6155919325414669 0.0002222586288978988
0.6163870376061353 2.5168404823407977e-05
0.6171831696369325 3.405870628213583e-05
0.6179803299602988 5.9932623422510225e-05
0.6187785199043878 8.809658694392856e-05
0.6195777407990685 8.308047707374112e-05
0.6203779939759276 3.305279404105634e-05
0.6211792807682718 7.094286816442239e-05
0.6219816025111297 6.118805446133985e-05
0.6227849605412543 3.268304780762367e-05
0.6235893561971254 4.063820972570992e-05
0.6243947908189514 7.712325547727342e-05
0.6252012657486716 0.00010257117658588612
0.6260087823299588 0.00018595727884523038
0.6268173419082212 0.00011481527099526424
0.6276269458306047 0.00014279872325609127
0.6284375954459953 0.00012863193722464626
0.6292492921050211 8.335147614499063e-05
0.6300620371600548 0.00012642021223793743
0.6308758319652158 0.0002595557734831232
0.6316906778763725 0.00023939193029246314
0.6325065762511444 0.0001100359343794333
0.6333235284489048 0.0002454436598034182
0.6341415358307828 0.00023172338612417411
0.634960599759665 0.0003357041460068337
0.635780721600199 0.00016449267039312038
0.6366019027187947 0.0001984974887500556
0.6374241444836267 0.00012309241827339424
0.6382474482646371 9.806843116973763e-05
0.6390718154335371 0.00017784239206542258
0.6398972473638099 0.00026125223747719086
0.6407237454307124 0.00045705060494949704
0.6415513110112782 0.0005875717702578705
0.6423799454843191 0.0006827527770596462
0.643209650230428 0.0002005489062651909
0.6440404266319809 0.0003796898335377514
0.6448722760731393 0.00034412538772774057
0.6457051999398528 0.0010997678582562328
0.6465391996198605 0.0003077434223139173
0.6473742765026943 0.0008607146172052346
0.648210431979681 0.0008355976252016246
0.649047667443944 0.0002150783618719731
0.6498859842904064 0.00032445660502818016
0.650725383915793 0.00025824691165622795
0.6515658677186326 0.0004074961429664538
0.65240743709926 0.0004640737788157099
0.6532500934598191 0.0006278425105292923
0.6540938382042647 0.0011178398315834668
0.6549386727383651 0.0002577646039650809
0.655784598469704 0.0006947453039870746
0.6566316168076834 0.0002824052776788878
0.6574797291635256 0.0005373333890246326
0.6583289369502757 0.00043150612173379596
0.6591792415828038 0.00037771630303388173
0.6600306444778076 0.0004789528380029312
0.6608831470538145 0.00044978441359624943
0.6617367507311841 0.00033761648024422845
0.6625914569321106 0.0003509552829955471
0.6634472670806253 0.0005657992253497689
0.6643041826025985 0.0002558719498431818
0.6651622049257422 0.0002951677802944466
0.6660213354796125 0.00014401119524386634
0.666881575695612 7.75100377391191e-05
0.6677429270069922 0.0003188455403963378
0.6686053908488555 0.00017912909140945998
0.6694689686581581 0.00025919806033680893
0.6703336618737122 0.00013802357173465978
0.6711994719361883 0.00010361396962939468
0.6720664002881177 0.00013971722835378185
0.6729344483738949 0.00029019506648651593
0.6738036176397803 8.538139083179098e-05
0.6746739095339015 0.0005555657411569399
0.6755453255062573 9.86308966185784e-05
0.6764178670087191 0.00019927274560724032
0.6772915354950335 0.00011921875777396158
0.6781663324208247 0.0002246981342359558
0.6790422592435972 0.00028322517491903446
0.6799193174227377 0.0005448091666730461
0.6807975084195184 0.0004039814327442081
0.6816768336970983 0.0001399357172482926
0.6825572947205266 0.00041799464324001294
0.6834388929567448 0.0006290163926429394
0.6843216298745888 0.0008011252607861356
0.6852055069447919 0.00010362513040862357
0.686090525639987 0.00024027469709832057
0.686976687434709 0.0003146012578643371
0.6878639938053974 0.0001897042835524117
0.6887524462303988 0.0002393325320086501
0.6896420461899688 0.00023696072016112527
0.6905327951662755 0.00023805371497457483
0.6914246946434008 0.00015968378427305786
0.6923177461073441 0.0007700321140284103
0.6932119510460234 0.00038121865760058527
0.6941073109492792 0.000491470105258667
0.6950038273088759 0.00029127007208324166
0.6959015016185046 0.0006578647564709602
0.6968003353737862 0.0012580774086837208
0.6977003300722725 0.0008255494581354542
0.6986014872134505 0.0008972079996050187
0.6995038082987433 0.00034615752111417567
0.7004072948315134 0.0010886879857870927
0.7013119483170653 0.0010198493775670301
0.7022177702626474 0.0002827766729682543
0.7031247621774551 0.0005290233905078707
0.7040329255726332 0.001121164179066
0.704942261961278 0.0022788485848937922
0.7058527728584403 0.00017781646192026698
0.7067644597811278 6.893617481369632e-05
0.7076773242483075 6.368733426445263e-05
0.7085913677809085 0.0001038848854995417
0.7095065919018239 0.00028230813588798055
0.7104229981359143 0.0005443536267584533
0.7113405880100095 0.00022501223597114529
0.7122593630529116 0.0016088454888817986
0.7131793247953971 0.00015665871711979462
0.7141004747702199 0.00011963626080315857
0.7150228145121131 0.00011797326254817747
0.7159463455577929 0.00027845319281591933
0.7168710694459597 0.00032762666891370456
0.7177969877173015 0.00011600322549600577
0.7187241019144962 0.0002656010651767035
0.7196524135822144 0.0007576248556282457
0.7205819242671219 0.0011805132755794505
0.7215126355178816 0.00036912754279137746
0.7224445488851574 0.0002416598192707091
0.7233776659216156 0.0002079688997562357
0.7243119881819281 0.00038746454072097295
0.7252475172227748 0.000249125539698592
0.7261842546028463 0.0023186314702518715
0.7271222018828462 0.00017233871035987969
0.7280613606254942 0.0009525692453447199
0.7290017323955282 0.0005663026052215273
0.7299433187597074 0.0026577723149365517
0.7308861212868143 0.003298521704045451
0.7318301415476578 0.004536927398074727
0.7327753811150759 0.0018039416660577286
0.7337218415639377 0.0005640339813334945
0.7346695244711468 0.0022554717955113423
0.7356184314156431 0.0007431825168689566
0.7365685639784064 0.0015724569714868164
0.7375199237424581 0.004736556414792292
0.7384725122928644 0.0038842532495883364
0.7394263312167387 0.004658718691608609
0.7403813821032447 0.0028140336263255024
0.741337666543598 0.003486565994904072
0.7422951861310702 0.003315581483569965
0.7432539424609902 0.0035471736969463637
0.7442139371307476 0.004585754139616449
0.7451751717397954 0.004429648865001872
0.7461376478896523 0.0030700283907942228
0.7471013671839055 0.001427214880149234
0.7480663312282135 0.00460644886843509
0.7490325416303087 0.002250561363092122
0.75 0.005281767708494442
0.7535957271382807 0.002693651984607871
0.757208693281432 0.003281389745665441
0.7608389810784641 0.004173660166856665
0.7644866735746316 0.0007524196019813062
0.7681518542133332 0.001038023839429109
0.7718346068380205 0.0006352220558057399
0.7755350156941161 0.0004972212160491837
0.7792531654309404 0.0005715520112357974
0.7829891411036486 0.0011164048890379154
0.7867430281751759 0.0021371852923922313
0.7905149125181926 0.0019777558187508088
0.7943048804170689 0.003278565570780283
0.7981130185698482 0.0033261390374423132
0.8019394140902305 0.0027015515876882604
0.8057841545095653 0.004547903686425862
0.8096473277788541 0.006906967986615213
0.8135290222707618 0.00666164577151694
0.817429326781639 0.0067848572934571605
0.8213483305335527 0.005644401516704016
0.8252861231763274 0.005476601946213671
0.8292427947895962 0.0028213537028070083
0.833218435884861 0.007923542848537128
0.8372131374075636 0.004382125819364982
0.8412269907391656 0.0063389396374262845
0.8452600876992389 0.004163780293002017
0.8493125205475665 0.002617765130529238
0.8533843819862523 0.0031649282136909417
0.8574757651618429 0.002374065477200788
0.8615867636674567 0.005529016815992922
0.8657174715449267 0.005970713223411376
0.8698679832869504 0.00497632739686569
0.8740383938392522 0.007395515764112251
0.8782287986027549 0.006403808490431438
0.8824392934357623 0.007432664465381658
0.8866699746561519 0.00554592656059363
0.8909209390435783 0.007723770698649553
0.8951922838416869 0.0017931133124747419
0.8994841067603389 0.00464156524977407
0.903796505977846 0.008611821057494808
0.9081295801432163 0.006014208229228487
0.9124834283784115 0.009558864577422988
0.9168581502806137 0.009960294909828162
0.9212538459245041 0.008277893840582822
0.9256706158645523 0.008952994915387424
0.9301085611373165 0.005161873488201658
0.9345677832637547 0.008003600327027871
0.939048384251547 0.007890671436761292
0.9435504665974296 0.006616296084692974
0.9480741332895386 0.009210309871959895
0.9526194878097667 0.009414501964179712
0.9571866341361303 0.008334658830275144
0.9617756767451473 0.008221230564708656
0.9663867206142284 0.008492808377436942
0.9710198712240772 0.00809286193427455
0.975675234561104 0.0062580322725382396
0.9803529171198504 0.008445783209740697
0.9850530259054243 0.009438343255598194
0.9897756684359491 0.008579201044875666
0.9945209527450225 0.008676624332387754
0.9992889873841879 0.002400786349092033
1.0040798814254177 0.008961482452389627
1.0088937444636084 0.0038660579537265747
1.0137306866190876 0.009681935397462194
1.0185908185401331 0.006446446111505903
1.023474251405504 0.00660874701649197
1.0283810969269844 0.009392424475198178
1.033311467351938 0.007446679351523618
1.0382654754658767 0.009380062861203622
1.04324323459504 0.009792707156560611
1.048244858608988 0.009261171082694603
1.053270461923206 0.007625522655086174
1.0583201595017218 0.007148503234054594
1.0633940668597348 0.010155002890637973
1.0684923000662605 0.007253532324120831
1.0736149757467832 0.007761637784517021
1.0787622110859263 0.008594985705945461
1.0839341238301308 0.00979623994989102
1.08913083229035 0.00926754471144306
1.0943524553447561 0.009786812129548132
1.099599112441459 0.007166461730869361
1.1048709236012393 0.008034027926152694
1.1101680094202928 0.009168199895738683
1.1154904910729908 0.008542084151355616
1.120838490314651 0.00911954225321506
1.126212129484323 0.005528680413213204
1.1316115315075865 0.009667385606383453
1.1370368198993641 0.008855355507587667
1.1424881187667462 0.008710496150713601
1.1479655528118298 0.009413641997998188
1.1534692473345722 0.008615174730202393
1.1589993282356565 0.0097463021997085
1.164555922019371 0.009711255903653886
1.170139155796505 0.006990550121925617
1.1757491572872547 0.008378785800526799
1.1813860548241462 0.008858038858955114
1.1870499773549694 0.009026375178407998
1.1927410544457302 0.009476947043866247
1.198459416283613 0.006595904645196069
1.2042051936799583 0.008834596635476085
1.2099785180732563 0.009307936153005533
1.2157795215321532 0.008883663586004042
1.221608336758472 0.009454587803066235
1.2274650970902483 0.00872855713068438
1.2333499365047813 0.009116509552931666
1.2392629896216973 0.008924215930884688
1.24520439170603 0.009132408893288521
1.251174278671315 0.008876705487362342
1.2571727870826979 0.008076149744450015
1.2632000541600594 0.008272315229891834
1.269256217781154 0.00834883069310364
1.2753414164847634 0.009094952056498419
1.281455789473867 0.008040459451233896
1.2875994766188243 0.009058421389253375
1.2937726184605767 0.008430331987939244
1.2999753562138607 0.009124622416826765
1.30620783177044 0.00887052602636623
1.3124701877023488 0.007273122085295197
1.3187625672651564 0.008471692374358334
1.3250851144012417 0.0086576648122696
1.3314379737430875 0.008076713924571528
1.337821290616588 0.0071682517819680845
1.3442352110443743 0.006960483723090207
1.3506798817491539 0.0011445243186766292
1.3571554501570673 0.00473061876695393
1.363662064401061 0.0066465147505617795
1.3701998733242755 0.005774824806266898
1.3767690264834498 0.005805187593926508
1.3833696741523442 0.003084278960393705
1.3900019673251762 0.0013171067631002954
1.3966660577200758 0.007486401720879401
1.4033620977825552 0.006821404801657149
1.4100902406889968 0.005668753468269724
1.4168506403501568 0.005079115346945605
1.4236434514146867 0.004885953052806911
1.43046882927267 0.005703708953003559
1.4373269300591769 0.005263819206199355
1.4442179106578377 0.005519114235342325
1.4511419287044287 0.0034561650947522514
1.4580991425904812 0.005311771775934812
1.4650897114669033 0.005789871856511459
1.4721137952476195 0.00534445811776928
1.4791715546132318 0.00492823870457014
1.4862631510146926 0.00583057791246148
1.4933887466769993 0.005393459049811283
1.5005485046029052 0.004258733450701965
1.5077425885766482 0.004286856529071435
1.514971163167697 0.005134770176291031
1.5222343937345166 0.005757820459664285
1.5295324464283504 0.005527243568387198
1.5368654881970214 0.004359790949247046
1.5442336867887507 0.004602315593864667
1.5516372107559953 0.005834589950421853
1.559076229459304 0.0057044460734935985
1.5665509130711908 0.004516483131614665
1.5740614325800286 0.006002633762364618
1.5816079597939605 0.005373284232281609
1.5891906673448297 0.0056553004354092775
1.5968097286921286 0.0056798075119455435
1.604465318126967 0.005080839326360732
1.6121576107760593 0.005657441958860198
1.6198867826057304 0.0054299625294119925
1.6276530104259406 0.006010863957647944
1.6354564718943307 0.0063168912941811385
1.643297345520287 0.006003219032953063
1.6511758106690229 0.006029260401919499
1.659092047565683 0.006185753238120989
1.6670462372994665 0.005739260278101768
1.6750385618277683 0.00635008146783358
1.6830692039803425 0.006190002370922468
1.6911383474634847 0.006018734610978053
1.6992461768642335 0.005945672150468998
1.707392877654594 0.005480342265517892
1.7155786361957803 0.0050450081870655385
1.7238036397424783 0.004826931728007204
1.7320680764471306 0.0038059577065388487
1.7403721353642378 0.0022992243348051605
1.7487160064546867 0.005051756110668949
1.7570998805900933 0.004530322720962035
1.76552394955717 0.0037834219927069105
1.7739884060621127 0.004713298534953215
1.7824934437350097 0.0020586279104530185
1.7910392571342704 0.0039056567965470653
1.7996260417510754 0.002827262656050678
1.80825399401385 0.003967635642869966
1.8169233112927567 0.0029219825213797584
1.8256341919042098 0.0034475606213901114
1.834386835115414 0.0042934449930173875
1.8431814411489198 0.0043046604013697734
1.8520182111872059 0.002703331570528
1.8608973473772803 0.0030173038676814938
1.8698190528353054 0.0012009656614847461
1.8787835316512442 0.002156502316742276
1.8877909888935285 0.0028163547883138943
1.89684163061375 0.00215800246663667
1.9059356638513747 0.0013460890045583287
1.915073296638478 0.003075759003498267
1.9242547380045036 0.0006806269029015923
1.9334801979810476 0.002586378910267041
1.9427498876066593 0.002730929746431249
1.9520640189316716 0.003211147716189664
1.96142280502305 0.003268389632348592
1.9708264599692682 0.0030360600804206226
1.9802751988852059 0.0026832620395719985
1.9897692379170668 0.0027241570091511495
1.999308794247326 0.0029214324705561295
2.0088940860996973 0.0028943111844508215
2.018525332744124 0.0026257000920860796
2.0282027545017973 0.002067291077573279
2.037926572750194 0.0031377045785813775
2.0476970099281426 0.0025951849595466235
2.057514289540909 0.002585852073453211
2.0673786361653126 0.002464810430925812
2.0772902754548603 0.002779197151548167
2.0872494341449133 0.002584334072943767
2.097256340057868 0.0022402217489661757
2.107311222108371 0.002506839284539201
2.1174143103085554 0.002590732752896386
2.1275658357733027 0.0020936408863972645
2.1377660307255275 0.0028137789538564663
2.1480151285014935 0.0027695571295871875
2.158313363556147 0.0027030032677360137
2.168660971468484 0.002587598492520467
2.1790581889469367 0.002917151593769741
2.189505253834789 0.0026878297138545255
2.2000024051156175 0.0027122351487610225
2.21054988291876 0.002727044995788129
2.2211479285248057 0.002418937472439478
2.231796784371116 0.0024859074163209637
2.2424966940573703 0.002763175139900505
2.2532479023511387 0.0026623592362183526
2.264050655193483 0.0027593920890730066
2.274905199704578 0.0025643020049617867
2.2858117841893697 0.002655309495884516
2.296770658143252 0.0009669460264299667
2.307782072257775 0.0021246674868515346
2.318846278426381 0.0024636692770607896
2.329963529750166 0.0023312121461170248
2.341134080543669 0.001550997070478693
2.3523581863406884 0.0017727712166737996
2.3636361039001312 0.0015196167168563905
2.374968091211883 0.00160647204454411
2.386354407502711 0.002213192447805575
2.3977953132421947 0.0017283354478867853
2.4092910701486843 0.0008719128916166986
2.420841941195286 0.0016679909556889042
2.4324481906158777 0.002019866706120263
2.444110083911157 0.0016301249654905603
2.4558278878547095 0.001647739623724794
2.467601870499117 0.0005659653606839647
2.4794323011820847 0.001043689967227595
2.491319450532605 0.001378831928724143
2.503263590477147 0.0013241885575765926
2.5152649942458787 0.0007427058920757872
2.5273239363789144 0.0007676539371132197
2.5394406927326 0.0013155997517793375
2.5516155404858174 0.001588852866412657
2.5638487581463285 0.0012053747332843616
2.5761406255571475 0.0007993233652641165
2.5884914239029375 0.0010664493707235009
2.6009014357164504 0.0011062811785898872
2.6133709448849824 0.0006335922612626733
2.625900236656872 0.0007404109243760222
2.638489597648025 0.000978269613534793
2.6511393158484706 0.0008930196928043641
2.663849680628949 0.0007812962995582636
2.676620982747533 0.0008255164117840176
2.6894535143562757 0.0014176784878071737
2.702347569007896 0.0010348548731750596
2.7153034416624937 0.0008715942177608548
2.7283214286942967 0.0009923237061958902
2.741401827898442 0.0008134575828381192
2.7545449384977845 0.0007562877402533141
2.7677510611497445 0.0004872904519523098
2.7810204979531865 0.0007952806870912314
2.7943535524553265 0.0005576988051375253
2.8077505296586787 0.0009273203813953926
2.821211736028033 0.0006491640273327587
2.8347374794974622 0.000839622883232545
2.8483280694773696 0.0008805479178564725
2.861983816861565 0.0006348557621784831
2.8757050340343775 0.0006673592610978761
2.8894920348778004 0.0005392262086187695
2.903345134778675 0.0007460656217367569
2.9172646506359 0.0008048641903608608
2.931250900867685 0.0010157042692114388
2.945304205418831 0.0006824885767089504
2.9594248857680525 0.00043103220268674074
2.9736132649353317 0.0008569738740548731
2.9878696674893046 0.00041477538677203084
3.0021944195546872 0.0005604821843688377
3.0165878488197375 0.0007756482810753353
3.031050284543749 0.0004947904961844342
3.045582057564585 0.0008384632259467067
3.060183500306246 0.0005937800575568667
3.0748549467864725 0.0006285984790534836
3.089596732624388 0.0007254828021864693
3.1044091950481763 0.000696276609793903
3.1192926729027923 0.00044802539697922863
3.1342475066577213 0.0006139290676721127
3.1492740384147586 0.00046693898513148807
3.1643726119158395 0.0005038949585275067
3.1795435725509034 0.000570173618912542
3.194787267365793 0.0005561929277296207
3.210104045070193 0.0007189620593846638
3.2254942560456112 0.0006168080606820371
3.240958252353387 0.0006503133441768066
3.2564963877427493 0.0007250309892364418
3.272109017658909 0.0006345569456674343
3.2877964992511868 0.00044843148043885586
3.3035591913811895 0.0005196590232105665
3.3193974546310105 0.000436722671865105
3.335311651311486 0.0006434165866150516
3.3513021454704788 0.0005188638395446329
3.3673693029012073 0.00048094399651526967
3.3835134911506137 0.0006813160455591924
3.3997350795277725 0.0005207557721130489
3.416034439112336 0.000638872799608543
3.4324119427630264 0.000698494186943464
3.448867965126162 0.0005712826894909291
3.4654028826442294 0.0005278747917785025
3.482017073564496 0.0006304544133704298
3.4987109179476596 0.0005132107941736278
3.5154847976765438 0.0005992258621859928
3.5323390964648356 0.0005499321202365466
3.5492741998658603 0.0004917999699949747
3.5662904952814025 0.0005301216247818614
3.58338837197057 0.0006149208427954142
3.6005682210586953 0.00041904021677281956
3.6178304355462845 0.0005491589987968958
3.635175410318007 0.0005294985844397047
3.6526035421517284 0.0005142894408340006
3.6701152297275876 0.0005406908025920485
3.687710873637119 0.0005675799132475946
3.7053908763924124 0.0005674051078865767
3.7231556424353216 0.000528138628137761
3.7410055781467184 0.0005270116756941559
3.758941091855786 0.0005331653132564341
3.7769625938493654 0.000524852351651178
3.795070496381332 0.0005708248657764022
3.8132652136820346 0.0005439362939851377
3.8315471619677655 0.0005548375089558571
3.849916759450285 0.0004969142131669348
3.8683744263463873 0.0005363298871013019
3.8869205848875135 0.0005204931713226537
3.9055556593294094 0.0005198698964195457
3.9242800759618315 0.0004257621313381004
3.943094263118298 0.0004912186408027963
3.9619986511858882 0.0004916265852434872
3.980993672615089 0.0004494917819177785
4.000079761929683 0.00042723480845357413
4.019257355736694 0.000443521157489376
4.03852689273637 0.0004567277770010863
4.057888813732221 0.00043311917931088313
4.077343561641103 0.0004109531036779488
4.096891581503353 0.00038217454021046245
4.11653332049296 0.00039067093842311376
4.136269227927804 0.0003975578045480211
4.156099755279931 0.00037241365065546157
4.17602535618588 0.000397975981351564
4.19604648645706 0.0003397194308523352
4.216163604090182 0.0003974558853250788
4.236377169277727 0.00036931458434705895
4.25668764441848 0.00038354944419190717
4.277095494128106 0.00031791500904025514
4.2976011852497775 0.0002275652996043553
4.318205186864858 0.0003158149286154451
4.338907970303623 0.0002444361412645947
4.359710009156054 0.00030519670941804496
4.380611779282662 0.0002834698750814308
4.4016137588253805 0.00021674084315065147
4.422716428218497 0.00022004837214830624
4.4439202701996505 0.00016008531319891808
4.465225769820868 0.0002425403755770325
4.486633414459661 0.000265497541381823
4.50814369383018 0.00024263289962376267
4.529757099994412 0.00025607449125640574
4.551474127373438 0.0002071217102950944
4.5732952727587435 0.00013228874828227796
4.595221035323583 0.00016459521900395496
4.617251916634397 0.00019639906864079
4.639388420662292 0.0001891405700322301
4.661631053794558 0.0001995578242355569
4.683980324846266 0.00021978867351795484
4.706436745071897 0.0002112161948354086
4.729000828177038 0.0001285521309097964
4.751673090330143 0.0001920941465441643
4.774454050174326 0.00017429763638588733
4.79734422883924 0.00020214632773548775
4.820344149952989 0.00019634444014271995
4.843454339654107 0.00013940402775252273
4.866675326603597 0.00017520267643214514
4.890007641997023 9.63150386925405e-05
4.91345181957666 0.0001643159257553347
4.937008395643709 0.0001572356599298878
4.960677909070557 9.663987680604253e-05
4.98446090131311 0.00018816404025006237
5.008357916423177 0.00013055865853330308
5.032369501060916 0.00010839621487243631
5.0564962045073445 0.00017631279397839188
5.0807385786768915 0.00012626475027689322
5.105097178130036 0.00010758948077847496
5.129572560085985 0.00016206995600416755
5.154165284435427 0.0001691228293235651
5.1788759137533305 0.0001461894371467183
5.203705013311826 0.00014162643642816328
5.2286531510931225 0.00013819215425208995
5.253720897802513 9.2230070335414e-05
5.278908826881421 0.00012593784745539905
5.304217514520523 0.00012443066521672383
5.329647539672928 9.090695371148957e-05
5.355199484067426 0.00010721734958449663
5.380873932221783 0.00013921920929947242
5.406671471456126 9.531706966822431e-05
5.432592691906369 0.00011998709829304384
5.458638186537719 7.544885210506497e-05
5.484808551158237 0.00013450343263739334
5.511104384432469 9.257375418232775e-05
5.537526287895138 8.445858336913904e-05
5.5640748659649075 8.33442982850327e-05
5.590750725958208 0.00012585712817189635
5.617554478103128 0.00010511056353397491
5.644486735553375 0.00010490337458160626
5.671548114402301 0.00012390536779697834
5.698739233696996 0.0001010444028777971
5.726060715452448 8.418757428113248e-05
5.753513184665774 7.042719884337209e-05
5.781097269330519 9.068207702347348e-05
5.808813600451015 0.00010948431796125621
5.836662812056822 9.054405744595258e-05
5.864645541217231 9.569788439524419e-05
5.892762428055834 0.00010104328292565056
5.921014115765167 9.158716744859683e-05
5.949401250621433 8.326240925419481e-05
5.977924481999274 7.81774689649775e-05
6.0065844623866305 9.591841535536238e-05
6.035381847399669 9.448218592924702e-05
6.0643172957977765 9.006061224290724e-05
6.093391469498636 8.678422640774314e-05
6.122605033593362 7.660832245425974e-05
6.151958656361717 8.689531081000749e-05
6.181453009287397 7.303078598931767e-05
6.2110887670734 9.325854159864345e-05
6.240866607657446 8.86440919422813e-05
6.270787212227504 7.922181442616627e-05
6.300851265237357 7.018769400694017e-05
6.331059454422269 6.494208145943737e-05
6.361412470814716 7.806158271569527e-05
6.39191100876019 8.098007097401002e-05
6.422555765933088 8.044562334994234e-05
6.45334744335267 6.781412384416832e-05
6.4842867453990936 4.2138105553797537e-05
6.515374379829527 4.887986021525722e-05
6.546611057794343 5.49614235530152e-05
6.57799749385338 5.750893192632635e-05
6.609534405992302 5.441142624409973e-05
6.641222515639004 3.33938827209266e-05
6.6730625476801295 5.411243772401307e-05
6.7050552304776465 5.42622259696804e-05
6.737201295885512 5.755444856842203e-05
6.769501479266411 3.1417658246824446e-05
6.801956519508584 2.9512278991081303e-05
6.83456715904272 3.6411938839776464e-05
6.867334143858949 5.1304618423199506e-05
6.900258223523903 5.905842974504896e-05
6.933340151197861 4.6999150218686416e-05
6.966580683651985 4.91949745872321e-05
6.999980581285625 4.8356961932843475e-05
7.0335406081437135 4.6180484859763384e-05
7.067261531934249 3.152955926695706e-05
7.101144124045853 3.657924329391927e-05
7.135189159565416 4.7378196827220984e-05
7.169397417295838 4.661783252037386e-05
7.203769679773824 4.079461672898262e-05
7.238306733287806 4.267631065018737e-05
7.2730093678959165 3.874444818705229e-05
7.307878377444066 4.603578925682454e-05
7.342914559584106 4.0937134118692116e-05
7.37811871579207 3.698673754681882e-05
7.413491651386511 2.710223256427213e-05
7.449034175546921 3.860057155951354e-05
7.484747101332247 4.3209667445836304e-05
7.520631245699485 3.4042287220258045e-05
7.556687429522369 2.188143019835743e-05
7.592916477610153 3.726289513099249e-05
7.629319218726471 3.4735962014587334e-05
7.665896485608313 3.8093393258864705e-05
7.702649114985049 3.617490284185924e-05
7.73957794759759 3.454763424913905e-05
7.77668382821761 3.82408010210593e-05
7.813967605666878 3.492462286516809e-05
7.8514301328366685 3.093160960601922e-05
7.8890722667072755 3.168622055657989e-05
7.926894868367619 3.239201847541837e-05
7.964898803034935 3.206291222685581e-05
8.003084940074578 3.174919594556978e-05
8.041454153019895 2.4691602345118287e-05
8.080007319592234 2.5110112173003588e-05
8.118745321720986 2.505392535513712e-05
8.15766904556379 2.3356892617903906e-05
8.196779381526783 2.4976575571724406e-05
8.23607722428499 2.706942563067554e-05
8.275563472802775 2.3548102044170737e-05
8.315239030354402 2.665723531239946e-05
8.355104804544718 2.193120057572972e-05
8.395161707329892 2.3642097527504205e-05
8.435410655038293 2.217682362180402e-05
8.47585256839144 2.3352832651749303e-05
8.516488372525082 2.1155025784660912e-05
8.557318997010336 2.3546118004218516e-05
8.598345375874969 1.9492271341227626e-05
8.639568447624761 2.4206941438435847e-05
8.680989155264971 2.3239829155384776e-05
8.722608446321914 1.8608759621325238e-05
8.764427272864628 1.4640941805778592e-05
8.806446591526663 1.867611233654616e-05
8.84866736352796 2.317127807264145e-05
8.891090554696834 1.7795330190365523e-05
8.933717135492076 2.232522109836798e-05
8.97654808102516 2.107896568209054e-05
9.019584371082525 2.236522971154029e-05
9.06282699014801 2.0909878688964308e-05
9.106276927425366 1.2905252807836705e-05
9.14993517686089 1.7670494554427516e-05
9.193802737166154 1.817952055852136e-05
9.237880611840858 1.85055939318925e-05
9.282169809195782 1.9329791970830866e-05
9.326671342375855 1.8475134150388736e-05
9.37138622938333 1.7448197855191974e-05
9.416315493101063 1.939816089772521e-05
9.461460161315939 1.7320769310047835e-05
9.506821266742346 1.85727121647362e-05
9.552399847045825 1.826367616395164e-05
9.5981969448668 1.477083351462779e-05
9.644213607844426 1.6283945305251472e-05
9.690450888640562 1.5749272055891878e-05
9.736909844963844 1.7374387036360694e-05
9.783591539593884 1.3774456198342663e-05
9.830497040405579 1.3107460363135857e-05
9.877627420393544 1.5102800286699548e-05
9.924983757696651 1.428258485891477e-05
9.972567135622711 1.3995102656720697e-05
10.020378642673224 1.5483379128393743e-05
10.068419372568302 1.1656521381020793e-05
10.116690424271683 1.2715408783017525e-05
10.165192902015866 1.229848555098911e-05
10.213927915327382 1.105352437081206e-05
10.262896579052162 1.3084868437155464e-05
10.31210001338105 1.2119332010111077e-05
10.361539343875423 1.182869082015241e-05
10.411215701492937 1.1345927408696954e-05
10.461130222613402 1.1479022371808478e-05
10.511284049064788 1.1858187584633925e-05
10.56167832814932 1.2025841929704042e-05
10.612314212669743 8.638754789927072e-06
10.663192860955688 1.246348885045983e-05
10.714315436890168 1.0386690627983642e-05
10.765683109936202 1.0284144446410877e-05
10.817297055163571 1.1292534642107036e-05
10.869158453275698 1.0906604014679104e-05
10.921268490636654 1.011244366336548e-05
10.973628359298297 8.61544452418916e-06
11.026239257027544 1.0666845844927114e-05
11.079102387333766 1.0092114934184253e-05
11.132218959496333 9.23196795627161e-06
11.18559018859226 8.37189592240534e-06
11.239217295524002 9.63125970454086e-06
11.293101507047401 8.317063618254868e-06
11.347244055799733 8.813138833039808e-06
11.401646180327912 8.874053380979655e-06
11.456309125116817 8.634320817750552e-06
11.511234140617772 8.920150705178005e-06
11.566422483277135 6.899149577445634e-06
11.621875415565054 8.787749049132625e-06
11.677594206004335 8.112001088395365e-06
11.73358012919948 7.534501489405514e-06
11.789834465865818 7.430150297145727e-06
11.846358502858818 7.726133951227365e-06
11.903153533203527 6.701712350870826e-06
11.960220856124144 7.102430259061718e-06
12.01756177707374 6.089976889121457e-06
12.075177607764124 7.40645340700975e-06
12.133069666195853 6.614718604861994e-06
12.191239276688373 6.429357542356873e-06
12.249687769910324 5.54849392280964e-06
12.308416482909958 6.332888473715978e-06
12.367426759145774 5.824355196907196e-06
12.426719948517185 6.283762368974138e-06
12.48629740739545 6.421251957269095e-06
12.54616049865467 5.9145486977148744e-06
12.606310591702988 6.2830440348116745e-06
12.666749062513896 5.073007391363461e-06
12.727477293657726 4.880475744533471e-06
12.788496674333269 5.3614949541561975e-06
12.849808600399552 5.1217742205261e-06
12.911414474407778 4.545926721433201e-06
12.973315705633395 4.856892676448539e-06
13.035513710108367 3.94051185355187e-06
13.098009910653523 4.0946638325156584e-06
13.160805736911131 3.7568016115402954e-06
13.223902625377601 4.468158784330986e-06
13.287302019436336 4.687596664111134e-06
13.35100536939076 4.616025723916978e-06
13.415014132497493 4.376118347638175e-06
13.479329772999682 4.203981561677117e-06
13.543953762160495 4.464617659736075e-06
13.608887578296788 4.24022500071643e-06
13.674132706812903 3.977068374256337e-06
13.739690640234688 4.18283962719585e-06
13.805562878243586 4.2942943322909845e-06
13.871750927710973 3.939869418389007e-06
13.93825630273263 3.651150776233221e-06
14.00508052466336 3.4429635847454952e-06
14.07222512215181 3.7418394563910974e-06
14.139691631175433 2.880816362753195e-06
14.207481595075617 3.2287356606487005e-06
14.275596564592998 3.3271118981422156e-06
14.344038097902937 3.3356588198551843e-06
14.412807760651145 3.0422125274196236e-06
14.48190712598954 3.562839386629958e-06
14.55133777461218 3.2128789929458586e-06
14.621101294791464 3.1507055163232475e-06
14.691199282414441 2.7600766001697317e-06
14.761633341019332 2.9845773978138507e-06
14.832405081832201 2.705474318905171e-06
14.903516123803822 2.838671708095058e-06
14.97496809364671 2.619329853621263e-06
15.046762625872327 2.785099732345566e-06
15.118901362828483 2.7770072721129078e-06
15.19138595473689 2.8439046140548018e-06
15.264218059730949 2.912773333075816e-06
15.337399343893628 2.146513418416805e-06
15.41093148129561 2.687876650220046e-06
15.484816154033581 2.5193687402753506e-06
15.55905505226871 2.282805578830403e-06
15.633649874265304 2.415966601943677e-06
15.70860232642967 2.362768198902022e-06
15.78391412334914 2.433630347623244e-06
15.859586987831298 1.5269301409056017e-06
15.935622650943388 1.8112230303470093e-06
16.01202285205191 1.8513190299539538e-06
16.088789338862437 1.5642773193654087e-06
16.16592386745954 1.944602047295826e-06
16.243428202347012 2.317214352192253e-06
16.321304116488204 1.904273240615166e-06
16.39955339134659 1.7902772639269148e-06
16.47817781692652 1.2282770482626185e-06
16.55717919181417 1.6805552773375487e-06
16.63655932321868 1.7693635379353214e-06
16.7163200270135 1.98875293582967e-06
16.796463127777923 1.6515149405542168e-06
16.876990458838833 1.8980806101790042e-06
16.957903862312623 1.980772281832901e-06
17.03920518914739 1.967514716789552e-06
17.12089629916519 1.5374693441151343e-06
17.202979061104653 1.682389408790363e-06
17.285455352663703 1.7041557826954035e-06
17.36832706054252 1.6294449544923201e-06
17.45159608048669 1.5593654521976368e-06
17.535264317330583 1.3042459141574717e-06
17.619333685040917 1.5510056123161088e-06
17.70380610676055 1.462284591957186e-06
17.78868351485247 1.5638841597056127e-06
17.87396785094398 1.5307335198111022e-06
17.959661065971176 1.4473542204643653e-06
18.04576512022349 1.3897824540346486e-06
18.13228198338859 1.4843026061468182e-06
18.21921363459743 1.2484922310964092e-06
18.306562062469503 1.2221850251222232e-06
18.39432926515836 1.2461553371843268e-06
18.482517250397294 1.271015146876104e-06
18.571128035545286 1.2678548560543474e-06
18.660163647633148 1.1971998003036277e-06
18.749626123409886 1.0587072782366778e-06
18.839517509389292 1.2055546098838087e-06
18.92983986189679 9.919914849083022e-07
19.020595247116432 1.2197221693496929e-06
19.111785741138178 1.146397032600039e-06
19.203413430005398 7.080813751634565e-07
19.295480409762593 1.1502502786444043e-06
19.38798878650332 1.0765259280470603e-06
19.480940676418403 9.632243987153235e-07
19.574338205844317 1.0953250713346465e-06
19.668183511311835 1.0110197597728698e-06
19.76247873959491 1.0422701287896988e-06
19.857226047759777 1.0556270443632862e-06
19.952427603214318 7.109016663965018e-07
20.048085583757594 7.772932757748337e-07
20.144202177629715 7.681144220914912e-07
20.24077958356187 8.092259565408384e-07
20.337820010826633 7.123655829307089e-07
20.435325679288496 7.705595683309901e-07
20.53329881945466 8.916002756525721e-07
20.631741672526047 9.075895092391637e-07
20.730656490448578 8.789269986257955e-07
20.830045535964686 7.42402656383033e-07
20.92991108266506 6.433556176746088e-07
21.030255415040717 7.257844069381188e-07
21.131080828535165 7.637391085534804e-07
21.232389629596987 7.09579941828624e-07
21.334184135732578 5.537275625123373e-07
21.436466675559153 6.332141255688346e-07
21.539239588858027 6.564347046866608e-07
21.642505226628145 6.940669970827079e-07
21.746265951139836 7.127931303773895e-07
21.85052413598888 6.197645323862044e-07
21.955282166150788 5.260751559500631e-07
22.060542438035363 6.611097375074916e-07
22.166307359541545 7.099393810980052e-07
22.272579350112444 5.370641529858213e-07
22.379360840790724 5.771013434995382e-07
22.4866542742742 5.331228739611827e-07
22.594462104971726 5.792413017917606e-07
22.70278679905933 5.964402606674497e-07
22.811630834536633 6.107384349267451e-07
22.920996701283542 5.299150440206378e-07
23.030886901117206 5.83482872978204e-07
23.141303947849234 6.121713633285887e-07
23.2522503673432 5.129697343989083e-07
23.363728697572473 5.167686640848825e-07
23.47574148867819 4.0861122364300113e-07
23.58829130302766 5.108700758058313e-07
23.70138071527295 5.066111632057943e-07
23.815012312409788 4.5338299397098087e-07
23.92918869383675 4.190187833315833e-07
24.043912471414707 4.902248535429054e-07
24.15918626952659 4.916431405731255e-07
24.275012725137408 4.650250777187168e-07
24.39139448785459 3.8545786415980176e-07
24.508334219988576 4.2099368976981663e-07
24.625834596613718 3.719999060265382e-07
24.743898305629525 4.0864213739949166e-07
24.86252804782207 4.131820250110218e-07
24.98172653692583 3.954656185058272e-07
25.10149649968574 4.326524245385224e-07
25.221840675919577 3.6493575549647893e-07
25.342761818580637 3.3780005575163815e-07
25.46426269382071 3.6234286296891427e-07
25.58634608105335 3.340250424896071e-07
25.709014773017465 3.8842836226353475e-07
25.832271575841194 3.604803682011904e-07
25.9561193091061 3.6413608127007937e-07
26.080560805911706 3.3236773905536235e-07
26.205598912940236 3.302930105229419e-07
26.33123649052178 3.44596796425348e-07
26.45747641269972 3.314100359768893e-07
26.584321567296474 2.818095953254814e-07
26.711774855979552 2.7269345983900375e-07
26.83983919432794 3.354022548567256e-07
26.968517511898785 3.340535079665571e-07
27.09781275229443 3.082460004519735e-07
27.22772787322973 2.021101311216539e-07
27.358265846599707 3.1351138924809395e-07
27.489429658547593 2.37819649784664e-07
27.621222309533056 2.3386503274707834e-07
27.753646814400888 2.8477377097191503e-07
27.886706202449954 2.3580000872600645e-07
28.020403517502498 2.459499908841864e-07
28.15474181797378 1.6548774350291562e-07
28.289724176942013 2.432555105687841e-07
28.425353682218685 2.0955517285015491e-07
28.561633436419193 2.2963643862003686e-07
28.698566557033804 2.351416737483981e-07
28.836156176498964 2.5177689349443367e-07
28.974405442269013 2.3840933315041144e-07
29.113317516888102 2.3191005066960145e-07
29.252895578062578 1.714931331214754e-07
29.393142818733686 2.2356635814671599e-07
29.534062447150593 1.9987417337381666e-07
29.67565768694379 2.2112059933429496e-07
29.81793177719882 1.972142360747781e-07
29.960887972530386 2.0592549190873302e-07
30.104529543156804 1.874126294457562e-07
30.248859774974807 1.7533167240795065e-07
30.39388196963469 1.7825246887992417e-07
30.539599444615913 1.6545753234482446e-07
30.686015533302882 1.664643970754667e-07
30.833133585061283 1.3872744932081096e-07
30.980956965314668 1.7641325510063797e-07
31.129489055621452 1.688344396971318e-07
31.278733253752264 1.6832554940043152e-07
31.428692973767678 1.8176473675792657e-07
31.579371646096302 1.6146092880748794e-07
31.730772717613263 1.5045622206908977e-07
31.88289965171905 1.4277593537955733e-07
32.03575592841872 1.5659793330895898e-07
32.18934504440159 1.2880843300275443e-07
32.343670513121104 1.4100261164689285e-07
32.498735864875286 1.398729257985671e-07
32.65454464688749 1.3734530187190006e-07
32.8111004233875 1.3755572549494147e-07
32.96840677569314 1.1816199583817737e-07
33.12646730229212 1.2041264650034715e-07
33.28528561892441 1.244662048342294e-07
33.444865358664934 1.234562407470392e-07
33.605210172006664 1.2058917086873436e-07
33.76632372694413 1.3328317679059662e-07
33.928209709057384 1.2602990116343862e-07
34.09087182159624 1.2075025235700258e-07
34.25431378556498 1.1456191007295617e-07
34.418539339807566 1.072697576583969e-07
34.583552241093074 1.0437705364023488e-07
34.749356264201666 1.0434206435335416e-07
34.91595520201097 1.0028476590821464e-07
35.08335286558279 1.0714541568848081e-07
35.251553084250325 1.0034458813171334e-07
35.42055970570576 9.805828769418556e-08
35.59037659608828 9.505429092361083e-08
35.76100764007253 1.0823504697548238e-07
35.93245674095742 8.772766871899163e-08
36.1047278207555 9.841274112082035e-08
36.2778248202826 9.733517309810622e-08
36.45175169924805 9.260953455085812e-08
36.62651243634519 7.885509295255265e-08
36.80211102934244 7.708378487457916e-08
36.97855149517474 7.87505069744301e-08
37.15583787003543 8.344330931625341e-08
37.33397420946855 7.522194744738434e-08
37.51296458846169 7.264390419218967e-08
37.69281310153913 7.592142829556851e-08
37.8735238628556 8.170275585436413e-08
38.05510100629025 7.134532833981994e-08
38.237548685541356 7.607032389766711e-08
38.42087107422127 6.406200670423774e-08
38.605072365951884 6.87729655785e-08
38.790156774460606 6.30133022549163e-08
38.97612853367673 6.613963869714384e-08
39.16299189782827 6.149216459717618e-08
39.35075114153932 6.161866299003456e-08
39.5394105599278 6.81060529925755e-08
39.728974468703726 6.595258635866646e-08
39.91944720426796 6.368784651276065e-08
40.11083312381136 5.97326414825672e-08
40.30313660541448 6.313502340175972e-08
40.49636204814771 5.6364775990277885e-08
40.69051387217193 5.1658144500904856e-08
40.885596518839606 5.410052428076142e-08
41.08161445079639 5.1332541332479334e-08
41.2785721520832 6.079763367168747e-08
41.476474128238834 4.925516815680667e-08
41.67532490640297 5.190232641939961e-08
41.875129035419775 4.79211330895657e-08
42.075891085942 5.219597700184863e-08
42.27761565053542 3.9721822859631834e-08
42.48030734378399 4.299634030469363e-08
42.683970802395386 5.3489320577367514e-08
42.88861068530706 5.0688179011485156e-08
43.09423167379281 4.559179042438965e-08
43.3008384715699 4.726471511147554e-08
43.508435804906604 4.7635570599620155e-08
43.7170284227304 4.221835903015645e-08
43.92662109673653 3.452524210004841e-08
44.13721862149719 3.682274868321319e-08
44.34882581457125 4.403104690213363e-08
44.561447516614365 4.018299143932649e-08
44.775088591489784 4.2313873674637774e-08
44.98975392637957 4.123318793244277e-08
45.20544843189644 3.8888320077780944e-08
45.42217704219607 3.763892892263832e-08
45.63994471508995 2.957013378694675e-08
45.85875643215886 3.43287287804057e-08
46.07861719886675 3.5720651512623854e-08
46.2995320446753 3.745690288959351e-08
46.52150602315893 2.7952733328832887e-08
46.74454421212047 3.106535106985744e-08
46.96865171370725 3.6519725586805904e-08
47.19383365452783 3.160817898428353e-08
47.42009518576928 3.211143375471829e-08
47.64744148331505 3.2834919038419595e-08
47.875877747863306 3.247655474259777e-08
48.10540920504598 3.184333624579938e-08
48.33604110554822 3.235873425235059e-08
48.56777872522858 2.615952922708215e-08
48.80062736523967 3.0540193350292685e-08
49.034592352149396 2.6651555326053683e-08
49.26967903806294 2.841677462040565e-08
49.505892800744995 2.847474002198507e-08
49.74323904374293 2.6701081874031184e-08
49.98172319651036 2.638438846031645e-08
50.221350714531326 2.7705231382782788e-08
50.46212707944513 2.6138782176772557e-08
50.70405779917171 2.7097596256433765e-08
50.94714840803762 2.6384774946729746e-08
51.191404466902675 2.301266170603611e-08
51.436831563287136 2.163086211444495e-08
51.683435311499494 1.9991329233926167e-08
51.931221352765 2.3158827873701148e-08
52.180195355354606 2.378466887556441e-08
52.43036301471465 2.0826635877584474e-08
52.68173005359721 2.2571606045141442e-08
52.93430222219094 2.1921046258577615e-08
53.18808529825265 2.1208858836386308e-08
53.443085087239474 2.0335600548073578e-08
53.69930742244165 2.017221168034664e-08
53.95675816511598 2.0933773368521706e-08
54.21544320461992 1.9997749219707225e-08
54.47536845854628 2.1572869877170183e-08
54.736539872858565 1.798039665364786e-08
54.998963422027124 1.9623017555766476e-08
55.262645109165646 1.812639397270187e-08
55.52759096616858 1.7998548680141105e-08
55.79380705384912 1.5965452605919605e-08
56.06129946207781 1.816077060090743e-08
56.33007430992191 1.5055563977352214e-08
56.60013774578532 1.558801281088996e-08
56.87149594754925 1.5486825495728387e-08
57.14415512271354 1.4826608920203817e-08
57.4181215085387 1.5178107584105258e-08
57.69340137218847 1.4126815254663336e-08
57.970001010873396 1.5777432916622638e-08
58.247926751994676 1.5757536084110318e-08
58.52718495328899 1.51445043894048e-08
58.80778200297394 1.5155114524838177e-08
59.08972431989419 1.4302877135681767e-08
59.37301835366828 1.3227280988772706e-08
59.657670584836175 1.1177308446043242e-08
59.94368752500752 1.4590857383014054e-08
60.23107571701057 1.2345778911597856e-08
60.519841735041894 1.3406984330127904e-08
60.80999218481672 1.1209716666562947e-08
61.101533703720165 1.2589558262461358e-08
61.394472960958886 1.3254693511929697e-08
61.688816657713765 1.0796828122124127e-08
61.984571527293184 1.356624498015164e-08
62.28174433528704 1.2863677716470028e-08
62.5803418797215 1.1504177872225537e-08
62.88037099121457 1.16087397263508e-08
63.18183853313226 1.1509714063555627e-08
63.48475140174566 9.756769993562459e-09
63.789116526388675 1.0507329552967745e-08
64.0949408696165 1.0868772833633852e-08
64.402231427365 9.067960174847161e-09
64.71099522911061 9.093736557616492e-09
65.02123933803122 9.689404214017272e-09
65.33297085116776 9.511251455340553e-09
65.64619689958649 9.554002079160536e-09
65.96092464854217 9.142915738015602e-09
66.27716129764197 8.048590702526671e-09
66.59491408101016 8.785795684830442e-09
66.91419026745358 9.111366887740188e-09
67.23499716062791 7.7042925255531e-09
67.55734209920482 8.724612296738545e-09
67.88123245703977 8.372762586957872e-09
68.20667564334073 7.710800147725317e-09
68.53367910283762 7.3052512911178055e-09
68.86225031595268 6.539684812792607e-09
69.19239679897156 7.2899188285374044e-09
69.52412610421521 6.691624632424162e-09
69.85744582021279 6.718983804114583e-09
70.19236357187506 7.091464177069161e-09
70.528887020669 6.8400702422937195e-09
70.86702386479294 7.62105918914593e-09
71.20678183935267 6.425698020354624e-09
71.54816871653853 5.713448879275829e-09
71.89119230580299 5.112095130448944e-09
72.23586045403943 6.667375972356783e-09
72.58218104576163 6.789188899696968e-09
72.9301620032841 6.284046716208036e-09
73.27981128690331 6.176645105464996e-09
73.63113689507985 5.834424564244122e-09
73.98414686462132 5.79506271071085e-09
74.3388492708662 3.953316168627015e-09
74.69525222786862 5.665138642837674e-09
75.05336388858387 5.709575034145988e-09
75.41319244505516 5.64866407269547e-09
75.77474612860055 4.970490443971241e-09
76.13803321000184 4.803663873388862e-09
76.50306199969316 5.895788820466467e-09
76.86984084795169 5.759256475088295e-09
77.23837814508805 5.5474855637754805e-09
77.60868232163878 5.082286833745234e-09
77.98076184855898 5.3437665901971436e-09
78.35462523741583 5.3705485112017044e-09
78.73028104058386 3.4825479064643183e-09
79.10773785143994 4.406133812474191e-09
79.48700430456054 5.16581131607609e-09
79.86808907591856 4.869686616131464e-09
80.25100088308247 4.48015503639011e-09
80.63574848541508 4.147318181337198e-09
81.02234068427455 4.26470431822163e-09
81.41078632321515 3.6476512601064194e-09
81.80109428818997 3.8811574350396155e-09
82.19327350775416 3.947718622730891e-09
82.58733295326873 3.89796174506604e-09
82.9832816391065 3.617807749292513e-09
83.38112862285755 3.727044559361238e-09
83.78088300553716 3.997882922111189e-09
84.1825539317933 3.6896447923356327e-09
84.58615059011645 3.5233602738178863e-09
84.99168221304917 3.12939407517955e-09
85.399158077398 3.2757208528785325e-09
85.80858750444493 3.196337926829065e-09
86.21997986016123 3.188992169847112e-09
86.63334455542154 3.180650751549677e-09
87.04869104621876 3.564667964582818e-09
87.46602883388108 3.20374798925691e-09
87.88536746528854 3.1574822640429233e-09
88.3067165330922 3.2769777799956338e-09
88.73008567593281 3.3732237668906555e-09
89.1554845786621 3.1161334349292944e-09
89.58292297256347 2.4593507173692336e-09
90.01241063557545 2.1542391653693503e-09
90.4439573925146 2.927968808809317e-09
90.87757311530092 2.7065564321210754e-09
91.31326772318333 2.8760870200154957e-09
91.7510511829664 2.633188624999832e-09
92.19093350923895 2.5290445021383706e-09
92.63292476460238 2.4246070225494173e-09
93.07703505990162 2.6622241225613144e-09
93.52327455445568 2.642659032206423e-09
93.97165345629085 2.564640728729315e-09
94.42218202237332 2.4926415034139004e-09
94.87487055884475 1.8618202331145564e-09
95.3297294212571 1.9711946710298357e-09
95.78676901481035 2.3415711546745215e-09
96.2459997945901 2.110973238825502e-09
96.70743226580653 1.963624471471746e-09
97.1710769840354 2.1840191933176965e-09
97.63694455545861 2.1279767222591773e-09
98.10504563710784 2.211351702328411e-09
98.57539093710726 1.9980243176945363e-09
99.04799121491956 1.5845429971118432e-09
99.52285728159107 1.5378805239631736e-09
100.0 1.69663841919148e-09
